3221,8866,9694,7104,6243,5745,1324,5300,781,1352,5281,9274,3506,9223,8032,468,1984,4173,6053
3431,3547,5241,9227,1145,1123,7655,3011,9260,3233,9328,9263,6282,6239,6126,2311,2582,9840,1412,4988,1198,3104,1923,2985,3912,8434,2108,1114,4410
1664,8794,1952,6004,1675,5316,7191,483,1856,8075,6872,8517,2677,7009,1698,7309,2897,1482,7694,6686,5681,8172,3306,6979,8037,3020,2015,6899,701,9360,9907,8125,4590,3624,8104,3779,6302,1129,1609,9304,9708,8767,4444,4940,481,4256,779,2106,7428,5604
671,5486,639,1817,8357,1890,1652,1194,2240,5885,5656,397,7896,3761,5026,4806,1157,7676,7790
9501,7556,4093,6066,6241,3038,4548,6015,5201,7959,1619
474,9212,5866,4097,9263,7431,3143,6563,6192,2952,9082,8080,6517
142,5394,4526,6131,3054,9957,2156,3946,7096,7277,4905,5092,3812,8672,3241,5772,6348,2996,2000,8012,6262,3752,6254,8717,8415,7744,5992,2243,5780
5297,5053,7324,899,5706,7180,6603,9507,8832,5566,9099,3196,9066,4076,1557,6332,9002,9173,6489,9623,6439,3427,1095,9839,1929,8461,8686,44,9614,7892,4471,3171,9254,8825,8409,6526,1010
6964,677,6368,394,5669,6163,8279,8738,1069,7126,6966,7031,590
4669,3431,6365,429,8859,6677,8786,9562,2497,4695,7155,6009,4762,2122,9957,3860,9509,8061,9843,5201,9886,3090,194,683,2576,2775,4062,8426,3430,8182,4577,4422,3708,1876,449,283,7158,5852
