9,3,12,17,6,10
4,15
8,13
16,10,18,20,7,6,13,12,8
5,7,8,15,4,14,17
19,10
17,2,18,10,8,4,7,5,1
15,10,16
19,7,8,3,4,18,17,9,15
7,17,6,13,16,1,14,11
14,15,19,9,13
3,4,13,20,9,17
13,19,12,20,6,5,17,11
4,2,10,9,19
13,8,6
9,12,20,17,18
8,1,19,2
19,15,7,11,3,17,4
4,14,11,19,15
19,7,12,13,15,20,4
9,15,4,3
15,8,1,4,14
4,6,17,19,20
12,19,10,4,6,8,15
16,7,4,6,20,8,5
10,13
20,10,16,15,6,8
7,14,10,15,6
7,15,19,3
3,8,17,12,7,10,14,20,9
14,19,13,5,8,18,10,11
2,6,4,17,1,8,16,14,7
8,11,20,5,3
18,16,8,4,5,12,3,7
9,17,19,16,14
8,7,12,11,19,6
11,14
14,18,12,7,16,8
1,9,4,10,17
7,3,2,9,1,19
13,8,2,14,4
19,20,5,17,15,3,11,6,13
11,14,4
13,9,17,8,20,18,2
5,6
5,8
14,6,10
10,11,17,14,13
5,8,19
16,7
17,7,11
12,6,5,13,11,17,16
6,3
12,9,11,1,20,2,18,19,17
7,4,13,15,8,3,16,18,19
9,10,3,14,5,6,4,17
8,15,20,3,4,13
1,15,2
3,18,9,11,7,15,8
2,8,4,12,1,11,3,15,20
17,19,7,18,6,8
13,17,5,6
10,2,15
14,10,8,12,18,2
20,4,8,1
17,15
8,17,12,5,20,4,3,18
20,13
15,11,19,5,10,3,20
15,3,17,2,10,13,11,1,19
20,1
18,6,11,4,19,7,8
1,3,16,14,19,6,18,17
4,19,2,10,9,17,12,18
2,3,18,8
14,6,3,2,19,12
12,3,5,16,9,20
20,1
15,18,17,10,13,4
20,4,11,3
3,6,10,7,20
11,13,20,5,19,6,14
6,9,12,15
11,14,7,9,1
1,13,15,12,18,16
18,12,14,9,4
17,3,18,14,2,11,20
16,3,13,5,2
1,3,13,15,5,9,8,7,2
18,19,11
11,9
6,5,20,19,2
15,8,2,6,19
12,18,16,19,8
14,17,12,6,15,8,3,4,18
9,4,3
14,1,19,7,12,15,13
15,7,18,20,13,5,4,11
14,5,2
15,17,10,18,12,6,4
