7,27,25
4,30,11,28,10
30,2,21,20,5,26,13
2,23,15,19,30,17,20
10,9,12,27
16,11,13,24,3,1,8,29
14,18,9
6,3,7,25,2,5,28,1
7,16,28,15,14,13,17,11
26,5,1,23,15,30,9,7
15,5,27
8,2,10,25
9,5,29,11,3
14,25,12,9,26
16,18,28,14,29,24,17,20,15
26,13,9,25,3
27,9,2,4
5,17,11,3
13,4,7,21,28,18,15,8,2
24,21,11,16,27
30,22,18,2
13,21,3,30,22,19,2
15,5,14,26,18
28,22
23,5
9,13,30,21,3,27,10,15
26,8
17,27,12,16,23,18,25
7,24,19,29,28,2,8,13
18,16,23,21
5,30,3,12,16
27,22
20,13,12,22,18,6,3,11,26
11,3,29,7,1,22,14,18,12
7,19,4
