18,11,5,10,14,7
13,4,5,9
10,14,16,9,5,19,8,13
9,6,19,14,5
20,8
17,2,1,18,19,4,11
19,13,15,12
7,12,15,14,2
12,6,8
7,9,14
7,12,8,10
11,18,12
8,5,20,19,4,11,7
3,9,20,14,4,5,7
13,15,18,8,14,12,1,11
5,8
13,19
10,5,8,15,6
9,17,19
8,4,20,13,2,3,7,17,19
14,2,20,12,15,19
19,2,10,6,14
12,15,10,8,11,17,18
8,2,10,20
14,4
17,16,5,14,6,11,7,1
9,20,8,16,5,3,4
4,14,1,9,17,15,8,16,13
11,19,3,6,10
11,19,17,12
7,14,16,10,20,4,17,5,3
18,4,20,19,3,9
18,4
20,10,3
6,4,1
4,19,15,18,5,2
17,18,9,16
5,4,11,18,2
18,7,6,8,20
8,18,4,2,10,12,15,1
