7,18,5,9,10,16,15,22,13
27,21,29,19,6,5,28,20
23,2,16,6,17,5,3,10,12
4,2,9,7,23,5,22,3,8
25,11,17,19
28,15,20,6,23,8,25,30
5,9
1,19,4,27,7,25
6,3
3,19,5,6,20,18,27,14,8
20,18,15
2,23,11,15,13
22,19,4,14,15,17,29
20,16,10,18,13
14,4,23,18,8,20,27
20,18,30
30,8,15,28
12,8,17,25
28,13,17,6,12,22,24
2,12,24,27,13
3,23
16,3,19
27,20,6,12,15,23
5,24,30,3,4,2
3,6,19,20,12,11,28,13
5,6,16,18,2
6,2
26,11,19,9,7,16,27,30
18,6,12,20,17,2,28
2,29,21,28,1,15
19,13,29,11,23,6,1,5,3
6,13,4,11,18,19,15,7,12
14,30,9,3,1,20,16,11
21,3,22,6,24
13,4,15,26
30,20,22,26,14,5,7,6
20,14,6,18
5,6,4,8,22,24,14
22,15,27,21,1,23,20
25,9
28,30,22,21,4,10,6
10,19,26,24,17,30,23,5
3,20,24,25,21,29
26,30,28,22,24,8,2,11,17
16,11,3,24
