11,20,17,12
20,16,13,10,9,5
19,15,20,5,14,11,4,10
8,13,7,4
11,12,14,7,6,20
7,11,6,14,19
4,12,3,9,15,19,11,5
8,2,4,10,5,20,14
12,3,5
19,12,15,17,11,8
2,15,11,5,17,14,10
17,9,2,15
6,14,10,8,11,16
17,15,11,20,4,7,18,12
18,6,16,1,19,15,13,20
9,18,19,5,14,10,2,12,4
3,1,2,11,16,6,19
16,2,12
17,2
16,11
7,18,3,14,6,8,20
5,3
4,5,8
17,14
1,5,2,17
4,16,12,3,2,20,6,18
7,9,19
1,20,3
3,9
10,11,12,3,4
10,20,13,15,4,8,19,5,7
19,13,16,6,2,17,18,1
11,13,14,3,12,1
12,2
3,18,2,9,14
6,10,20,1,15,16
15,12,8,20,2,16
9,14
13,8,6,12,1,20
4,3,16,12
20,14,15,13,2,6,19,5
10,14,13,18,2,6,12
3,10,13,1
6,10,1,18,8,16,17,11,13
18,19,11,9,4,12
11,17,10,4,13,6
9,4,8,1,7,17,12
12,6,15,2,9,1,4,13,16
3,12,16
10,13,4,3,14,1
