11,23,10
23,15,30
27,9,30,17,21,23,4,15,25
14,18,21,24
27,4,7
1,30,11,21,12
12,7,6
14,18,17,29,27,21,9,16
3,9,22,13,10,19,20
8,24
16,8,17,7,11,24,22,30,21
5,24,14,25,16,20,12,10,26
11,16,30,17
7,8,28,12,29,10
11,30,4
2,25,18
25,1,7,27,29,20,30,16
30,1,25,2,8
21,5,19,12,13,4,20,24
7,16,8,6
11,13,9,2,6,22,16,10
9,30
20,8
21,3,29,11,26,19
12,18,7,9,2,20,29
6,7,13,17,8,30
26,27,15
20,30,11,21,19
28,26,25,14,7,30
6,17,26
27,29,22,13,10,26,12,1
9,8,23,30,18,25,12,29
27,11,3,16,29,5
6,27,24
24,27,11,25
24,1,11,30,21,16
21,23
29,13
17,24
9,22,21,14,23,19,17
25,26,14,13
13,22,11,14,24,10,19,23,30
28,21,29,11,17,16,10,15,23
19,18
27,1,6,9,4,7,28
29,8
19,17,9,4,20,8,25,21,27
8,1,19,21,17,9,7,6,27
21,3,10,5,26,11,29,6
25,28,11,26,2,18,3,6,21
29,14,12,15,26
10,4,12,9,14,18,25
12,22,15,20,9,2,7,3,19
10,1,9,25,16,14,17,18
3,4,12,25,1,20,15
7,29,6,15,28,25,26,17,27
3,15,19,28,22,9,11,12,13
9,29
23,12,6,27,10,15,3,8
10,22,14,21,12
