12,14,19,10,11,15,5,1
12,1,17,2,16
12,15,1,6,10,13,8,17,9
4,14,6,8,16,7,5
17,1,4,19
4,14,2,8
9,15,12,17,3,6,19
20,17,15,13,16,8
3,17,14,9,16
16,13
12,4,14,10,7,8,2
20,16,2,18,8
2,19,20,6,11,12,4,15,10
12,17,10
16,3,19,12,13,17,2
4,13,8,19,9,11
20,14,2,15,19,12,1
13,19,14,6,18,9
6,7,19
14,6
17,3,13,4,14,11,15,20,9
2,4,5,19
12,14,11
20,13,17,18,3
2,11,7
6,16,7,4,5,9
17,20,6,12,11
14,13
16,10,3,13
10,18,15,8,2,6,14
6,20,17,7
20,12,11,1
19,8,2,16,13,7
12,14,5,4
6,1
10,16,20,3,8,19,14,18
6,16,17
10,20,13
16,20
4,3
19,12,2,16,1,3,15
19,20,16,8,3,6,4
4,5,12,1,19,15,17,6
20,2,13,19,8
2,12,18,17,4
4,13,2,11,17
19,2,7,11,20,5,17
19,15,6,13,18,14,4,2
20,1,13,6,17,15,9,2,3
15,2,19,4,16
7,2,11,6,18,19,4,16,8
5,7,11,2
20,7,9,16,3,6,2,18
16,7,5
19,10,2,8,9,20,17,4
13,3,19
9,7,6,13,17
9,20,15
8,16,2,3,18,4
19,9,16,14,1,4
8,13,14
7,17,12
19,16,6,3,10,15,9
16,20,10,2,15,7
7,3,10,15,11,18,20
10,9,7,4,3,6
19,2,5
20,14,9,18,7
15,11,16,12,20,13,17,8
20,13,19,4,6,8,12,9
19,3,7,14,12,5,2
2,8,3,12,10
6,8,1,5
8,4,11
19,12,10,17,11
