19,18,10,23,29,15
22,27,9,23,24,29,4,6,21
25,19,7,18,9
7,15,9,18,3,25
19,14,30,17,1,29
3,22,26
14,13,27,6,29,19,20,24,16
19,2,7,22,15,13,8,30,4
2,17,1,21,4,24
14,6,15,11,3,27
4,18,12,25,21,29
22,8
20,25,13,1,5,4
14,21
17,2
1,18,20,2,16,24,10,28,7
15,11,10,25,21,30,17,6,13
29,20,18,5,3,13
4,29,5
2,6,20,26,4,17,8,3
22,12,24,14,15,27,20,3
15,20,1,17
18,4,29,5
4,14,18,12,28,7,10,21,3
23,9,28,30,18,3,12,2
28,3,13
8,23,22,19,27,10,29
30,2,7
28,8,12,13,3,7,6,23,22
21,19,24,26
4,28,27,21,7,18,9,17
28,29,21,27,24,15,3
28,9,27
14,22,30
6,27,17
27,10,22,30,19,12,18
20,25,13,27,8,9
29,9,1,18,5,14,2,16
3,20,16,10,18,27,21,29
15,4,21
30,1,25
18,8,16,26,15,10,5,4,23
23,14,22
23,2,21,19,25,20,18,30,3
24,25,6,3,2,14
28,16
18,14,24,23,7,19,30,27,29
7,9,20,8
2,21,18,12,11,19,8,29
18,27,24,17,8,23,21,13
16,11,3,12,30,19,8,23
5,18
8,29,12,25,15
24,3,1,20
16,21,26,25,20,28,3,30
14,25,28,23,19
10,6,4,25,9,8
28,9,23,13,6
26,21,15,7,22,2,17,27
4,16,18,5,28,3
9,17,26,4,7,3
26,17,5,27,22,29,23,8
4,12,3,2,22,15,8
30,22,11,17,12,28,14,23,25
20,6,16,11,27
19,18,17,3
11,12
4,3,23,18,20
29,7,21,11,24,22,10
28,12,15,24
12,11,24,27,2
20,6,18,16
30,5,20,1,12,10,16,3
6,8,24,10,16
22,4,7,12
17,12,11,28,21,3,13,6,18
8,7
5,8,11,23,21,28,14
12,30,22,2,21,18,5,13,19
8,20,19,17,3,28,7,14
