2,10,12,1,19,5,8
7,17,2,6,11,15,14,1
13,10,15,16,18
19,11,3,16,1,8,4,15,14
15,18,5,12
6,19,20,13,4,12
13,16,11
17,2,10,12,20,18,9,11
7,4,10,6,17,20,12
3,6,14,16,20
8,5
11,3,14,12,18,10,2
11,20
20,5,10,11
3,15,16,5,11
3,13,15,19,7,1,12,6,5
9,16
5,2,17
11,20,18,12,3,10,2,8,7
8,2,9,17,5,18,6,11
17,19
17,8,20,3,9,7,6
8,13,20,6,14,11,10,4,9
11,10,19,15,13,6,12,1
20,14,11
2,20,13,6,19,5,9,14,12
17,5,4,18,2,9
8,20,4,15,6,1,3
10,3,8,4,2,18,12
14,12,20
11,18,15,6,10
11,17,16,14,8
13,5,9
3,7
6,10,16,5
3,15,18,19,20
10,7,8,4
13,18,16,4,7,15,8
18,17,15,3,19
9,5,1,18
8,5,2,9,20,16,10
7,18,1,8,4,6
18,19,3,14,5,6
10,1,3,8,17,2,12,9,15
17,6,4,12,18
15,5,17,12,8,10,7,1,13
6,12,19,20,3,8
9,6,5,4,2,10,11
9,11,15,19,5
13,17
12,8,5,2,17
11,14,7,1
1,17,20,13,14,15,8,10,11
20,10,12
17,8,6,4,7
12,17,1
2,4
14,9,6,10,18,19,3,15
14,4,13,10,1,3,15
7,19,4,13,10,11,5,18,20
5,18
17,20,6,11,16
15,4,9,3,11
16,1,4,7,8,19,20
10,17,11,8,3,1,19
19,15,8,2
13,9,18,17,1,10,19
6,2,20,5,16,12,18,9,15
11,7,17,8,2,13,19
15,4,20,2,17
15,7,12,3
17,10,1
13,16,6,3,7,11
8,5,3,12,9,15,6,4
19,12,10
5,4,8,19,14,3,11
2,8,13,10
7,4,11,13,10,5
6,11,17,4,10,20,18,3,5
14,13,17,16,1
10,11,1,6,9,8,15,16,5
8,16,13
15,19,11,2,6,9,17,18,12
19,5,6,20
3,12,19,14,10
5,11,18
6,10
10,2
14,17,18,5,11,20,8
1,3
