47,80,14,86,56,18,11,44,63,41,87,20,89,88,75,48,25,45,76,8,97,91,69,70,60,1,81,71,3,62,54,39,34,73,51,49,6,58,66,85,46,65,78,9,36,7
13,87,90,46,81,76,21,44,4,63,86,45,27,32,64,31,34,14,40,59,25,38,80,62,24
14,43,18,47,54,63,91,80,42,99,50,72,62,12,70,66,16,30
49,18,67,3,27,52,78,14,71,58,31,88,54,96,16,55,48,65,21,50,10,6,57,81,80,7,34,59,45,36,68,33,76,25,22,56,73,60,19,39,24,38,5,17,43,8,97,37,84,13,72,2,47,82,15,86,75,51,92
86,42,33,91,49,8,56,81,4,13,87,57,74,1,28,71,19,70,97,22,99,96,5,21,98,61,66,47,39,78,41,35,64,11,34,93,92,48,38,75,65,40,54,26,100,58,43,37,46,24,30,77,50,51,45,20,18,76,85,14,27,7,62,3,82,69,88,53,59,79,63,16,2,36,29,23,83,12,55,72,94
93,30,69,5,29,95,75,2,74,25,9,77,15,55,34,49,36,83,42,14,45,52,33,6,13,1,98,24,20,44,57,65,23,96,91,67,73,37,72,89,70,60,99,92,97,53,40,51,38,31,94,79,21,90,32,43,76,86,26,88,80,59,54,81,28,8,17,66,48,22,63,41,4,58,68,64,87,12,85,78,39,3,84,50,71,7,100,47,62,18,16,11,82,10,61
25,18,37,49,81,17,100,99,77,89,82,3,96,42,6,98,38,78,79,91,69,92,1,34,61,29,80,33,59,22,52,63,76,28,66,11,46,60,40,68,32,45
35,78,4,55,48,13,21,37,45,16,79,62,83,42,66,1,91,84,100,98
22,28,46,95,27,80,43,60,83,85,61,100,12,10,96,41,62,40,47,31,65,15,32,20,82,23,98,16,72,37,87,8,30,11,7,93,53,38,56,70,2,35,84,25,21,75,79,51,66,39,34,69,14,78,76,52,3,55,45,4
2,6,19,95,21,9,47,60,42,80,22,90,16,71,18,44,11,24,81,84,69,14,66,51,12,5,67,35,65,49,20,39,76,55,25,64,4,82,61,43,10,86,59,77,50,53,93,29
