410,27,258,43,99,420,322,83,104,426,289,241,169,206,142,234,9,17
63,160,144,92,334,235,423,189,243,399,358,202,373,67,226,323,260,250,24,200,192,304,90,40,380,66,68,299,372,353,104,210,31,147,362,91,417,317,309,301,241,247,395,129,143,242,365,140,340,212,252,351,312,261,316,388,184,27,183,227,2,360,77,165,80,136,75,253,219
26,129,97,378,257,103,117,77,146,375,172,104,60,258,18,236,71,9,220,298,45,304,192,72,204,255,188,111,421,317,353,332,295,348,128,309,187,350,231,38,292,305,401,34,244,17,269,199,402,125,36,337,166,326,133
11,397
32,190,367,13,128,224,129,58,376,36,17,170,241,321,382,19,203,245,318,332,317,413,250,309,171,366,273,256,204,189,339,133,118,373,253,166,375,398,348,274,392,191,82,196,47,46,193,90,208,231,206,105,139,85,99,162
288,135,155,327,408,388,399,208,348,122,84,103,417,134,391,261,93,140,210,95,159,207,271,195,148,227,176,10,318,287,398,21,407,183,330,336,369,187,59,150,80,401,358,361,365
15,132,138,87,276,411,403,229,186,158,59,314,44,396,160,9,274,26,155,182,76,416,383,254,207,269,408,297,222,261,121,291,147,367,62,183,284,427,57,339,97,110,303,257,253,374,310,200,13,127,236,334,177,397,71,359,47,193,231,67,157,419
197,272,98,268,130,383,252,278,24,89,73,387,70,373,253,407,160,389,110,172,190,324,194,148,9,296,366,423,11,279,1,302,139,205,393,31,35,96,238,328,182,361,222,355,6,218,376
33,99,29,386,40,262,208,186,317,229,135,419,59,174,255,318,156,425,170,250,25,114,315,124,60,145,118,417,107,123,298,382,86,57,304,221,76,375,51,34,230,98,134,427,347,95,189,368,121,224,348,295,7,421,418,112,280,373,198,284,193,300,100,243,97
142,250,210,132,329,121,349,5,200,137
12,239,371,266,273,213,24,13,384,237,330,395,205,302,20,5,408,227,179,81,169,58,234,338,426,324,10,232,361,209,370,359,190,199,223,210,380,296,122,123,293,215,228,403,75,53,390,415,414,246,417,204,277,323,173,16,80,148,327,77,305,164
175,400,415,381,140,257,18,85,2,398,385,254,309,153,90,152,192,27,302,120,315,104,279,108,17
90,302,351,372,417,410,359,67,251,273,163,108,38,229,258,189,187,132,274,408,42,52,14,209,157,30,80,367,73,176,317,195,341,191,161,380,348,210,228,63,193,44,266,358,285,116,320,360,329,344,413,76,177,12,105,150,155,257,237,215,301,427,339,248,49,178,117,169,45,118,387,72,388,218,384,325,126,377,424,101
378,261,395,17,82,29,14,326,302,175,293,324,163,312,222,244,112,39,57,246,304,42,260,1,306,35,211,199,21,34,118
198,317,305,28,190,315,270,346,277,387,95,311,232,322,207,377,392,72,351
54,96,345,403,338,76,301,115,189,122,95,113,395,48,71,171,293,47,356,88,3,53,246,333,415
288,189,292,245,267,31,401,93,286,287,257,374,383,7,407,132,402,152,64,352,308,185,422,202,4,123,1,32,239,359,315,312,171,117,218,327,35,282,219,384,291,391,276,77,68,275,294,259,241,194,29,269,39,44,10,13,166,273,157,307,155,300
364,248,211,425,191,50,189,418,157,30,122,398,377,180,357,355,218,403,120,426,80,4,335,132,396,125,179,172,287,124,58,198,36,200,420,113,238,258,271,213,106,410,130,209,413,328,199,391,285,392,137,104,29,73,152,111,423,353,297,55,217,366,404,379,107,400,162,401,96,316,348,103,293,214,368,329,177,289,242,284,351,144,381,212,19,79,221,34,219,294,97,263
198,274,180,324,403,73,371,249,361,314,27,192,389,170,117,99,402,367,216,55,43,276,95,427,149,418,13,386,343,171,227,175,143,223,286,315
70,342,382,99,387,115,333,229,270,86,350,161,203,66,339,415,420,193,77,154,241,419,278,23,214,405,129,340,6,362,158,56,397,169,234,356,310,404,248,174,224,357,390,177,361,265,314,198,335,35,19,280,228,98,4,377,383,213,116,24,395
210,191,67,177,290,7,133,368,398,420,233,297,214,309,136,105,228,222,377,391,412,235,230,59,202,39,372,300,115,132,66,22,124,145,207,396,387,135,120,16,347,170,392,327,245,198,25,371,283,326,114,266,149,325,296,393,26,167,156,395,280,253,185,203,126,314,151,119,308,43,93,54,194,157,307,216,421,278,29,35,236,275,265
352,401,215,303,327,335,304,219,220,130,122,151,253,310,31,28,163,148,172,301,328,3,376,267,360,57,295,178,228,180,235,416,355,171,144,123,334,110,118,161,34,342,24,136,14,185,348,54,101,17,115,145,283,21,305,337,287,243,317,189,264,300,197,391,41,289,154,349,214,276,318,89,104,59,311,378,369,240,91,421,146,230,307,80,254,134,102,22,266,75
257,4,31,375,115,3,117,79,41,162,376,323,260,116,9,46,388
264,101,329,57,221,205,276,208,255,204,404,27,92,392,245,169,405,239,113,85,274,17,396,369,217,412,19,238,45,99,267,268,415,299,71,88,138,192,368,39,174,261,173,66,175,89,48,105,326,37,317,34,249,104,76,118,80,338,170,367,335,318,108,69,216,195,28,122,321,379,31,102,283,287,290,198,374,177,24,418,178,361,127,311,47,63,181,114,339,10,250,310,46
1,102,225,403,267,228,118,230,136,204,29,178,322,22,65,405,175,37,283,393,321,338,181,164,67,265,182,256,32,297,192,422,220,25,72,246,255,260,258,117
21,365,282,356,130,246,2,327,231,131,129,128,323,7,340,61,69,346
291,294,367,48,413,207,422,11,61,348,72,75,201,8,247,136,85,266,378,309,299,303,256,371,161,2,98,163,241,104,91,108,117,10,7,231,66,233,222,134,149,357,101,238,32,388,24,334,69,330,109,259,248,194,216,183,127,167,262,157,240,122,389,30,373,172
406,365,416,115,43,97,370,378
15,234,245,278,302,262,200,33,59,351,271,84,125,180,150,333,257,423,254,387,231,110,48,61,365,235,115,275,73,66,292,211,83,216,154,413,259,208,62,334,376,307,199,82,51,111,402,6,67,170,360,117,268,221,5,129,130,319,135,371,289,108,366,224,244,237,331,296,201,338,414,166,410,291,340,357,364,156,26,112,352,266,386,120,52,137,287,206,58,417,69,279,350,158,260
146,89,337,226,134,84,265,253,292,354,389,163,64,328,58,153,73,133,110,22,173,178,127,7,402,380,61
340,23,96,334,177,324,260,427,208,337,226,415,420,72,200,102,393,367,110,148,238,83,262,264,125,154,100,231,178,115,16,118,318,191,87,339,377,236,55
158,230,25,93,118,337,55,60,306,333,417,332,90,404,335,254,346,220,272,225,399,371,32,315,353,227,266,378,175,261,41,107,146,330,51,372,320,344,301,356,205,283,104,9,189,323,299,188,133
210,201,143,351,119,29,65,410,102,370,8,189,313,165,308,78,171,84,364,169,368,390,309,30,239,186,321,36,106,355,310,356,243,134,145,374,248,408,60,237,307,285,426,254,148,318,67,170,81,302,96,52,15,74,174,378,91,183,204,298,325,340,54,345,234,126,339,238,33,231,300,259,163,130,164,115,358,139,146,62
120,187,421,381,133,192,291,34,345,112,253,328,367,16,262,313,358,319,327,194,111,61,81,267,372,57,50,139,427,44,100,2,159,190,213,64,389,163,244,326,69,175,341,107,65,264,202,48,188,422,103,283,114,77,406,27,196,29,417,85,148,363,154,340,230,404,225,26,403,38,323,166,353,1,4,211,45
2,366,39,404,235,54,311,52,142,175,407,326,380,200,250,337,276,423,120,244,61,371,289,42,397,141,112,219,275,174,306,78,102,345,131,280,384,279,138,292,228,240,66,247,394,227,323,148,169,72,156,88,177,114,75,125,179,43,34,266,171,126,140,28,262,372,145,1,284,13,196,427,146,136,403,81,299,212,195,264,185,32,294
288,199,7,391,232,280,287,20,39,240,297,114,222,16,348,125,215,5,272,369,128,376,65,111,8,124,196,57,402,401,159,296,73,257,23,244,60,147,389,416,327,156,362,126
310,58,364,277,423,241,59,304,51,383,261,67,80,15,226,302,111,322,184,133,44,301,8,63,160,96,28,93,425,339,318,422,214,52,95,187,291,218,209,407,119,340,378,372
89,272,304,397,336,105,300,245,366,388
426,359,18,131,210,109,408,255,159,310,276,20,215,55,305,411,82,52,84,95,62,234,198,186,362,184,160
49,244,298,392,327,151,261,414,195,21,59,181,308,283,260,188,167,378,27,278,187,383,81,379,301,4,418,347,108,282,102,306,156,97,28,206,86,177,51
66,323,183,316,270,46,277,18,133,120,61,82,151,240,400,229,206,217,221,135,143,340,307,342,118,122,227,106,175,256,247,212,243,69,53,292,15,357,174,341,418,336,214,137,63,30,117,223,218,385,115,73,246,290,116,242,110,293,76,366,391,149,321,144,31,296,305,55,230,271,252,427,204,2,389,413,381,192,219,160,93,209,17,383,169,29,300,172,45,390,371,87,425,414,372,51,32,410,210
139,193,367,265,237,121,69,231,408,109,148,339,334,399,424,421,31,188,207,169,397,126,280,309,234,18,99,91,243,371,127,100,390,335,208,356,73,299,28,103,298,8,321,288,271,154,173,350,33,230,379,155,289,262,312
402,186,332,172,230,335
400,335,346,102,163,64,78,427,177,240,356,424,369,220,147,341,380,420,95,321,330,328,137,66,324,337,139,44,310,311,36,206,116,57,257,197,73,15,154,109,411,225,104,183
387,103,54,290,108,165,406,149,60,57,284,156,270,97,190,400,305,272,244,199,391,326,389,418,87,115,143,133,22,109,396,312,21,323,293,41,64,142,295,209,377,228,392,362,29
137,353,297,146,10,308,49,62,56,418,324,322,163,246,58,313,269,16,4,343,90,186,36,267,348,22,265,392,192,42,412,223,86,262,197,199,415,55,25,388,94,406,342,142,397,187,271,135,263,97,215,166,207,284,351,282,312,48,164
154,180,308,309,260,225,121,59,160,25,1,133,327,389,382,239,116,165,194,232,312,386,411,249,275,278,292,123,31,402,310,294,137,57,371,147,10,12,306,207,155,427,244,229,396,172,285,268,125,108,390,151,105,303,176,329,135,131,345,320,7,262
21,172,307,252,158,93,212,341,226,288,7,54,323,297,147,376,51,211,218,113,107,396,40,117,82,189,136,407,161,262,67,272,163,420,377,278,198,24,143,88,318,334,132,287,234,390,351,209,77,274,348,369,332,251,155,37,285,366,422,8,283,194,17,49,120
289,60,126,115,390,426,357,395,412,200,394,46,422,306,186,100,314,351,238,261,213,204,345,63,356,181,124,340,24,382,52,260,416,249,256,45,215,375,195,246,105,255,107,414,408,80,134,176,387,354,308,72,237,319,252,396,305,173
329,84,207,270,274,229,165,127,362,115,244,164,403,167,370,204,147,100,56,338,134,337,358,1,231,325,88,236,152,122,111,222,304,354,67,219,255,41,125,89,81,352,230,46,43,423,61,365,158,104,97,416,183,226,378,196,130,200,240
108,387,37,7,29,173,374,91,157,405,362,79,53,74,72,71,186,367,307,174,78,222,202,32,337,315,168,185,383,278,312,163,396,50,16,373,363,257,397,184,134,24,130,402,267,188,416,413,370,88,96,207,116,389,59,34,266,243,22,139,329,338,132,73,401,165,118,20,107,47,85,191,109,255,48,354,284,8,41,386,365,322,409,391,334,106,5,390,300,223,2,122,81
150,183,425,100,359,278,264,95,21,14,127,209,58,218,175,202,38,324,43,390,193,50,8,61,378,381,211,148,258,416,146,157,186,374,217,163,418,306,344,31,136,142
189,316,371,264,256,345,369,318,309,374,90,134,177,414,156,45,200,290,7,167,367,352,103,190,351,111,62,389,233,154,354,376,81,117,29,40,380,415,82,158,16,31,405,348,163,265,271,282,139,84,368,320,187,302,9,257,96,54,32,214,160,375,399,341,151,281,3,231,85,288,263,422,207,400,75,239,28,362,356,249,186,211,337,147,196,122,310,314,91,372,328,370,59,106,15,336,140,266,24,100
403,24,358,248,387,284,206,329,154,22,37,401,210,197,418,122,397,262,63,101,242,2,47,144,201,135,84,338,323,23,155,259,334,318,86,184,61,379,124,326,152,342,270,70,310,67,268,409,360,388,232,107,195,78,35,244,119,52,265,110,223,292,421,251,393
112,59,355,179,141,206,137,200,201,244,410,403,268,121,144,386,193,340,97,242,366,332,329,275,26,238,184,146,383,294,260,231,319,114,3,224,217,236,331,233,292,348,6,111,356,223,1,185,398,296,53,316,86,408,117,135,253,370,109,142,73,41,171,139,336,307,106,50,269,381,159,295,152,108,34,188,119,11,247,10,395,409,22,145
97,254,121,172,406,79,179,182,206,15,118,324,301,404,165,215,255,343,126,67,278,28,147,209,302,111,288,405,248,72,289,21,45,98,354,229,190,363,299,373,212,41,86,188
18,398,332,43,399,181,78
48,306,417,236,338,325,402,69,273,261,194,399,319,53,111,415,379,97,238,13,371,141,303,78,149,384,424,271,287,98,85,241,204,70,393,152,233,132,202,252,137,250,205
197,78,282,56,375,218,4,298,90,100,301,195,335,308,110,85,114,359,287,69,384,377,405,330,331,37,333,227,92,417,420,391,46,138,49,324
38,280,244,73,35,328,256,158,385,18,259,97,318,352,62,362,152,44,387,319,193,142,124,163,371,219,269,324,160,332,288,303,345,82,422,220,427
65,357,115,195,243,320,155,246,418,147,227,212,247,297,413,16,27,48,352,386,112,408,12,378,356,86,44,314,74,11,411,419,134,283,388,96,373,64,249,171,189,91,32,209,223,304,351,409,210,385,89,348,1,182,61,126,395,402,349,92,90,342,384,340,412,271,150,424,312,291,276,235,265,406,322,427,102
281,267,179,416,376,303,324,5,251,256,424,31,187,48,365,114,162,242,174,11,290,419,263,221,245,280,132,239,393,359,60,258,305,260,353,208,104,217,183,145,292,118,133,188,207,306,289,115,252,151,386,2,402,407,74,75,34,344,173,285,286,21,403,144,366,128,284,316,342,213,138,352
327,271,139,93,321,349,47,197,164,314,97,360,1,253,175,387,376,307,245,259,143,392,156,101,289,377,161,227,280,192,215,8,229,241,380,35,249,269,22,84,214,162,59,56,212,129,50,372,18,358,254,268,266,250,240,383,146,150,370,65,297,144,308,67,318,128,401,196,309,311,104,66
259,265,253,395,363,179,293,73,278,159,280,96,251,358,36,27,416,327,291,43,2,386,98,12,75,176,197,330,233,414,10,232,407,340,378,424,134,269,224,287,328,227,218,82,362,376,316,392,155,348,307,290,313,387,255,261,374,426,244,212,3,147,370,86,225,299,220,294,129,162,425,169,388,104,203,11,119,333,23,345,149,367,152,70,100,338,300,112,202,144
262,102,42,132,101,335,82,9,308,158,175,166,41,61,383,151,14,94,272,64,141,117,203,190,22,291,227,85,281,369,51,372,210,382,320,90,425,310,405,38,15,427,120,200,275,410,27,81,414,45,79,144,228,202,251,396,47,188,406,257,378,247,177,91,286,116,25,327,46,359,398,277,37,113,162,180,417,118,333,216,294,164
416,352,361,119,227,30,353,38,343,121,317,224,6,78,69,213,356,372,355,362,58,294,379,424,98,407,188,84,216,318,136,12,138,120,404,160,382,311,18,1,77,249,237,71,116,369,406,181,157,31,228,95,113,270,320,373,344,298,273,414,99,314,70,330,256,340,152,351,83,303,146,357,206,265
270,232,236,312,68,391,319,346,421,169,307,8,293,39,316,203,53,6,342,182,156,114,297,45,303,12,183,267,80,26,164,333,291,244,295,269,57,424,385,155,214,225,3,235,139,73,226,271,115,260,192,309,394,248,133,240,354,65,22,357,210,315,129,414,167,352,72,273,91,29,110,2,230,407,336,351,130,23,58,393,263,268,331,219
133,383,236,104,175,57,79,261,204,10,87,208,44,265,223,139,171,375,257,274,348,93,128,273,194,352,372,150,419,100,390,82,380,416,298,19,374,355,308,224,258,46,173,251,71,126,165,213,174,60,28,243,285,129,168,99,259,329,271,426,418,112,397,312,278,170,180,272,149,344,212,141,255,172,27,267,424,22,190,84,290,196,195
65,33,359,317,326,52,5,239,225,256,392,398,92,275,283,360,405,230,255,53,56,286,321,146,295,270,197,107,290,353,31,209,301,105,49,142,335,400,218,220,212,263,82,324,376,327
203,337,241,394,76,36,289,185,305,311,9,173,60,106,146,11,338,244,145,188,403,138,409,274,278,300,416
122,99,386,132,351,352,54,168,394,383,41,271,412,324,32,366,68,295,61,232,338,256,52,180,294,292,183,156,424,416,188,349,390,419,223,89,146,418,357,90,309,36,282,286,355,29,118,152,19,407,410,1,96,81,140,69,153,313,276,173,395,21,202,83,66,332,323,372,281,426,112,65,33,160,255,371,158,279,396
45,289,12,189,79,266,414,4,30,243,89,147,124,134
127,172,298,322,58,228,63,295,273,87,77,42,302,257,275,81,312,150,198,136,57,263,300,52,422,330,210,354,79,386,27,90,365,411,160
104,176,170,105,312,114
205,212,149,20,157,247,105,45,412,267,114,319,230,42,90,285,390,281,181,39,369,99,170,296,25,241,302,209,306,22,397,185,1,107,12,421,158,321,245,255,328,142,316,49,128,244,135,175,14,31,414,395,376,222,353,297,389,13,169,238,68,97,227,351,71,375,303,275,155,44,387,19,87,370,147,172,56,312,286,204,427,150,229,362,178
200,150,210,216,18,123,109,357,157,349,52,375,407,120,129,378,384,91,61,383,190,153,411,106,6,44,285,181,21,34,322,319,267,5,416,245,307,316,358,333,290,53,396,397,260,284,221,111,96,71,304,314,299,295,288,132,95,298,399,313,274,344,128,266,193,415,187,218,152,268,69,26,169,29,303,198,329,323,54,156,135,361,125,278,195,76,325,31,336,56,234,308,57,148,409,154,43,238
34,284,273,193,251,341
5,394,313,51,292,14,106,29,102
425,92,290,125,280,247,84,175,174,354,276,343,172,217,13,222,181,110,2,320,296,193,224,35,256,299,3,363,176,293,232,231,349,161,68,50,386,98,263,188,184,145,245,210,88,146,75,355,160,117,34,58,141,300,369,340,96,60,379,399,303,63,333,413,12,183,337,119,411,4,328,254,394,420,255,253,381,249,116,309,89,167,95,94,407,52,229,55,271,38,109,190,367
125,105,221,162,253,46,349,167,255,385,124,123,39,423,175,254,63,415,137,111,154,314,185,132,412,333,353,92,110,305,245,141,360,377,51,225,286,331,37,413
295,111,289,250,50,143,120,399,163,267,78,401,412,191,409,43,344,415,58,407,230,272,339,242,85,18
396,226,133,353,307,144,199,310,22,317,325,386,391,228,406,383,248,25,356,269,373,210,100,67,50,360,337,192,172,335,182,106,36,359,404,118,258,201,30,285,141,181,1,62,107,96,287,417,216,221,98,167,113,399,43,323,207,116,34,5,161,185,112,349,295,265,312,280,315,380,70,233,322,59,152,276,111,220,211,354,422
175,234,275,376,138,366,59,300,354,332,325,38,30,21,240,153,132,419,69,408,81,160,330,75,347,80,196,91,28,16,345,156,62,311,291,105,294,40,109,365,379,393,278,50,79,168,27,328,378,264,194,211,265,301,214,228,253,313,296,395,337,78,418,42,121,208,276,244,197,170,46,268,185,74,45,101,19,137,323,209,357,302,370,329,427,362
210,166,115,316,280,117,244,65,366,184,81,301,300,2,58,3,201,331,174,409,208,223,269,30,278,261,179,225,102,51,328,258,48,178,31,420,43,307,131,93,68,342,46,281,107,146,140,247,148,240,222,388,378,37,270,82,4,249,233,215,238,181,41,353,241,14,412,329,414,132,198,95,125,12,341,11,371
276,303,117,22,255,177,424,262,134,377,99,406,335,390,109,132,18,27,299,217,281,82,404,180,202,373,224,270,226,20,47,317,323,1,70,408,347,219,229,72,261,399,67,300,112,41,92,421,419,198,388,153,208,396,331,126,59,43,167,278,244,141,360,171,250,182,385,310,159,207,238,145,85,292,389,28,411,24,231,13,101,266,69,30,58,293,44,234,29,405,123,37,269,221,403,161,36
93,253,281,10,235,286,149,132,343,162,309,292,201,181,66,129,6,193,202,248,138,60,313,195,223,271,246,342,239,92,375,400,291,82,424,382,252,169,288,418,280,415,393,43,407,419,268
71,5,306,176,292,140,161,109,403,77,8,123,119,213,44,385,62,280,314,22,67,260,143,98,90,91,404,137,218,75,259,32,320,219,405,424,9,291,334,208,315,127,48,66,154,370,246,152,342,381,231,49,151,45,324,94,289,107,247,162,337,51,328,135,96,121,223,395,36,40,149,298,335,303,257,288,79
54,12,240,118,38,111,268,384,236,342
389,204,345,426,94,221,229,8,210,368,332,254,170,93,63,318,30,152,153,32,27,335,131,369,337,51,338,355,185,220,398,117,100,202,241,354,150,173,6,402,2,128,146,65,13,251,343,292,279,168,303,405,224,166,59,18,264,401,320,384,299,346,364,141,203,388,127,66,144,317,159,199,11,304,214,365,420,21,232,125,328
179,53,36,400,109,369,320,13,325,378,78,182,403,75,221,356,421,312,153,110,108,59,409,199,284,245,146,299,114,389,134,83,45,46,103
262,253,357,56,103,226,208,87,83,338,351,216,5,51,155,209,219,158,154,213,93,384,199,246,53
339,315,284,18,3,317,241,118,161,389,274,117,313,91,29,261,423,329,14,191,373,132,48,424,410,34,2,319,282,187,26,231,277,263,198,65,298,273,266,30,393,8,61,4,87,301,146,186,93,194,239,323,353,421,164,153,181,13,196,312,356,371,145,377,207
18,214,311,379,274,62,417,180,82,331,139,100,30,297,27,128,29,107,222,276,404,77,154,185,291,326,313,246,196,233,266,176,101,332,327,245,36,16,366,251,183,125,35,381,80,137,231,281,234,238,406,306,145,265,198,359,41,110,61
306,381,145,12,4,25,23,36,226,292,317,99,2,121,26,9,84,421,187,113,297,323,173,194,265,117,106,143,407,231,425,166,400,285,132,15,60,157,262,98,52,294,73,222,216,50,88,354,281,180,183,258,109,134,97,123,153,77,376,245,253,90,3,140,347,103,129,228,195,290,340,369,210,27,419,102,353,156,124,364,308,357,378,179,332,11,230,365,114,146,233,403,219,372,269,54,278,408,363
225,397,215,21,220,69,406,51,338,283,251,396,322,42,339,312,122
167,288,216,242,275,338,116,389,41,390,32,265,192,82,51,17,133,206,126,415,89,128,348,272,378,409,210,190,306,193,285,362,354,422,86,70,375,233,303,121,73,304,60,401,77,163,135,183,96,280,267,405,387,88,323,54,344,315,238,309
12,179,143,365,339,419,119,191,126,89,198,378,68,5,311,345,59,107,39,121,355,212,349,110,205,422,340,64,35,73,253,314,61,403,297,235,127,391,155,62,227,411,220,140,344,159,203,25,50,178,194,54,144,408,169,216,273,286,84,225,224,91,233,241,402,375,75,66,296,377,23,188,113,90,301,80,387,128,46,366,36,219,350,401,279
98,407,207,382,153,177,241,3,138,208,193,229,66,64,292,142,101,97,317,152,1,400,8,386,38,273,262,232,82,282,395,290,245,267,191,287,65,106,190,174,120,255,170,197,133,336,319,30,235,50,332,123,110,59,107,179,132,121,14,378,375,259,148,143,327,136,391,44,246,220,261,340,339,424,233,363,36,360,67,330,276,49,5,217,181,376,350,23,335,157,117,240,417
345,129,369,296,179,233,105,199,206,426,41,119,130,77,95,290,112,305,221,306,8,207,278,253,198,75,122,70,330,158,255,347,229,240,254,396,403,230,150,376,353,274,73,289,86
310,229,218,118,62,53,220,308,412,242,126,230
