263,166,92,216,7,334,425,428,191,206,13,279,455,173,127,339,26,79,227,321,81,402,177,393,291,351,451,22
245,309,112,194,455,343,337,390,123,153,220,182,459,440,341,230,121,444,411,79,160,219,318,426,222,447,212,37,302,18,6,307,241,168,253,268,325,97,188,48,363,59,38,89,11,189,9,413,462,36,119,356,20,261,122,460,69,295,232,438,49,141,248
102,319,303,232,226,61,311,382,367,414,333,220,322,375,153,362,422,296,354,383,170,361,295,423
22,256,453,203,193,349,449,275,350,426,11,9,267,175,417,398,212,148,3,415,312,75,108,149,88,125,284,416,371,287,178,384,224,119,200,254,32,157,370,407,227,357,210,202,456,13,112,250,317,83,303,340,324,183,76,123,452,138,35,36,393,215,130,34,43,146,351,143,25,395,268,461,438,450,392,273,81,433,302,28,53,330,63,216,1,358,172,192
327,138,319,357,314,145,30,166,3,192,82,457,79,376,29,349,15,207,58,74,152,8,279,211,32,338,439,115,155,196,71,44,161,316,452,380,124,217,286,361,336,200,174,322,37,429,419,188,373,111,283,222,191,250,310,52,98,213,395,353,47,355,170,89,20,342,160,392,389,61,137,350,67,122,210,190,182,175,64,40,112,59,393
61,87,85,137,370,148,404,382,277,290,166,386,422,99,218,58,416,419,351,255,417,269,44,217,434,245,173,190
111,463,442,291,148,191,226,304,427,347,440,264,292,169,437,425,461,83,119,460,95,118,44,399,454,331,249,384,446
234,360,407,341,263,403,328,55,412,445,268,76,115,449,439,78,64,31,39,236,404,176,148,432,33,368,398,344,384,276,43,315,302,335,42,246,205,332,84,463,409,256,453,253,219,250,190,235,198,30,171,446,134,373,414,7,431,40,73,132,406,367,356,314,159
431,97,451,263,369,109,265,105,98,160,17
336,297,324,401,456,428,447,203,308,362,253,109,333,411,410,205,216,332,317,440,93,106,137,451,78,261,245,70,19,286,71,404,161,45,218,103,409,115,345,249,102,230,444,189,209,82,197,300,215,223,352,165,196,239,396,5,2,334,150,138,338,22,348,172,279,370,207,439,227,255
52,365,103,240,338,324,360,259,151,298,425,390,372,190,88,289,142,16,33,6,317,450,286,209,181,15,32,300,355,395,162,152,126,426,81,19,353,150,264,122,228,332,436,312,17,307,7,229,157,233,112,382,456,188,335,121,101,13,39,69,232,421,245,218,442,177,59,165,217,348,266,333,412,405,375,316,276,423,434,381,205,287,206,138,283,53,57
449,165,386,103,285,332,349,253,108,53,238,306,199,391,59,263,121,412,426,401,70,428,29,241,325,139,129,431,418,222,98,399,15,346,169,355,28,106,452,128,208,173,340,195,186,31,354,272,219,387,221,183,43,163,430,245,112,434,406,124,232,220,225,45,19
205,450,234,238,351,397,67,338,327,436,331,245,62,148,143,448,83,229,231,276,261,191,449,69,25,418,42,133,92,164,101,328,188,375,283,305,179,232,330,28,439,115
312,178,364,461,355,23,368,250,49,91,25,272,99,382,82,349,127,17,326,125,247,459,282,122,425,119,223,136,462,362,325,218,217,423,194,94,330,160,460,156,88,252,386,435,213,64,432,50,145,340,336,164,298,361,285,135,393,100,98,311,251,180,369,162,307,56,80,379,215,74,450,412,422,333,310
287,58,44,1,214,73,208,460,258,356,306,416,331,375,272,71,5,199,447,281,129,173,45,31,242,328,350,360,160,334,162,430,155,402,172,305,286,176,170,111,7,19,390,200,55,217,103,124,441,344,193,373,385,121,314,202,166,14,453,9,225,70,69,12,255,192,257,247,72,376,448,322,204,211,327,54,151,427,301,190,224,362,262,61,310,191,81,149,300,127,450,449,167,368,412,437,88,15,11,276
40,182,378,426,59,124,195,31,88,42,319,4,96,362,125,419,94,396,431,278,454,427,180,415,148,67,90,48,262,349,292,176,33,117,385,298,110,3,333,379,205,438,353,203,134,328,244,120,142,140,322,289,5,238,231,428,249
332,463,190,442,56,201,445,31,400,150,314,246,281,337,330,108,87,273,30,334,70,364,305,48,444,156,287,68,345,371,357,251,10,237,240,218,370,451,27,344,347,57,76,266,342,21,410,310,28,443,380,439,224,5,45
141,255,148,14,445,51,17,286,98,206,264,350,261,108,339,103,25
244,1,426,352,378,158,85,19,219,225,335,84,334,115,422,37,354,300,91,14,413,21,65,236,71,93,285,420,390,134,350,307,73,226,427,27,132,448,108,257,40,113,400,171,60,204,161,174,312,388,191,402,327,347,434,53,318,308,50,233,456,235,425,419,284,297,141,130,311,309,230,199,35,224,298,282,262,304,428,245,407,405,8,344,281,166,181,442,103,144,384,247,221,417,49,69,52,273
228,27,69,301,454,365,145,104,280,233,147,354,156,290,119,330,322,77,107,434,16,323,386,4,344,315,65,152,448,303,63,114,463,157,221,406,231,203,171,176,316,378,314
190,389,407,412,61,288,99,306,186,358,355,401,241,132,213,62,93,175,293,183,345,116,97,30,372,44,329,65,64,101,425,344,262,308,316,455,414,142,229,112,445,179,212,156,133,56,394,383,7,40,189,301,50,29,433,276,330,278,312,292,440
68,426,434,257,110,296,129,209,10,125,127,403,76,285,80,305,219,432,234,212,421,100,463,314,409,307,187,419,398,327,262,94,139,224,269,48,444,180,455,7,171,381,42,57,145,167,435,379,20,21,215,336,372,402,446,39,239,123,16,401,318,63,411,147,280,249,214,260,69,416,85,441,392,450,164,453,317,315,34,38,13,406,130,456,417,50,71,332,353,255,259,15,120
17,359,388,194,132,116,130,304,100,61,2,251,224,272,179,162,153,289,26,164,36,357,241,445,288,309
20,35,257,288,16,194,315,144,212,408,253,349,309,366,163,460,400,363,414,54,25
42,391,352,193,397,319,89,57,334,444,72,354,30,254,236,54,279,269,143,321,417,337,160,167,123,169,154,438,275,98,164,362,90,40,430,302,298,50,231,201,335,451,135,100,196,2,388,84,318,87,205,351,258,45,192,390,16,217,199,378,145,24,103,125,380,85,76,190,59,39,407,210,114,328,290,109,232,120,288,427,60,446,136,373,276,452,209,363,361
379,346,356,35,124,81,51,455,284,276,26,294,362,409,218,344,328,123,135,401,201,18,72,373,410,405,143,305,402,388,198,441,372,106,186,164,449,348,37,235,36,397,313,153,426,293,176,411,5,146,307,277,459,175,43,268,125,285,226,112,75,76
316,166,112,222,389,114,269,49,27,221,97,212,282,39,402,95,36,62,289,79,34,428,262,268,58,230,125,127,311,372,223,15,94,373,388,416,169,186,153,119,47,301,295,247,445,323,85,14,84,329,93,293,236,266,280,315,149,365,60,345,456,42
148,58,445,75,338
107,133,296,430,120,49,374,272,193,395,352,141,458,378,33,62,159,383,149,36,187,260,173,44,169,77,333,434,323,300,191,25,423,12,142,156,414,385,462,380,121,94,40,22,11,463
197,179,89,337,317,456,95,276,322,368,13,279,219,256,420,152,125,129,391,68,461,463,164,41,460,91,297,123,122,314,134,154,434,46,127,232,177,347,381,344,107,300,453,442,74,8,186,184,350,448,149,282,335,182,255,374,311,58,78,332,234,375,376,336,86,380,200,124,65,377,386,272,435,307,94,312,225,398,244,430,242,327
369,243,452,455,264,275,364,304,188,54,212,342,15,64,68,362,298,461,411,108,278,277,269,458,349,9,42,222,236,234,46,8,29,400,148,144,126,244,313,259,184,433,131,99,87,90,4,399,158,71,408,70,282,221,286,170,43,26,190,151,226,252,322,50,168,202,38,92,141,237,62,109,63,437
115,29,350,104,288,442,178,189,449,23,97,385,203,3,336,359,48,341,198,292,96,258,8,345,113,455,63,161,202,182,321,134,117,282,373,305,366
183,185,373,45,296,254,260,259,257,205,60,430,277,14,137,384,3,180,287,351,335,347,249,136,367,141,103,213,398,423,404,394,411,165,460,333,283,128,121,49,148,304,453,269,255,87,152,155,34,214,94,352,4,406,438,421,195,5,118,354,243,422,455,176,184
8,331,337,67,261,47,284,256,445,255,317,195,329,248,287,178,265,290,427,19,359,381,184,89,203,258,159,158,303,209,179,292,397,274,57,430,165,420,60,343,93,96,2,140,105
198,367,107,87,373,192,447,394,299,392,100,103,66,364,150,210,133,382,358,437,1,50,308,365,453,159,379,121,160,173,273,76,14,429,225,421,54,403,270,109,125,424,291,73,277,279,197,204,216,284,397,314,221,65,212,115,290,440,169,431,47,463,303,37,395,55,181,213,31,326,383,176,12,425,359,244,220,101,329,78,445,455
219,179,279,15,211,239,441,82,418,58,311,197,416,135,136,336,337,443,455,351,189,13,226,445,47,174,236,313,194,128,67,419,462,223,434,185,105,153,432,322,107
60,130,97,443
272,171,204,76,156,405,136,244,178,266,273,374,229,377,450,88,111,231,350,449,301,55,440,54,52,7,28,418,168,310,79,104,45,366,141,291,278,388,258,238,274,339,313,146,230,70,199,83,190,213,153,60,8,26,172,157,455,167,247,331,211,145,42,311,166,43,432,325,50,367,13,460,216,1,61,140,185,413,129,218,133,446
94,59,323,335,192,167,24,154,79,288,236,200,399,233,460,173,222,194,427,197,102,447,220,196,114,407,80,61,320,181,331,254,28,333,294,203,382,210,23,417,14,142,442,400,9,126,27,315,55,129,433,276,299,89,237,340,336,50
167,335
107,88,156,247,160,132,47,329,70,262,182,231,147,354,457,26,186,139,216,204,137,106,396,234,463,85,351,235,40,271,442,161,95,284,210,242,266,279,389,121,145,187,60,63,217,8,59,309,434,171,178,232,386,168,25,50,402,460,23,192,126,177,383
176,288,115,170,134,282,135,99,1,326,346,92,232,317,395,164,373,247,279,22,324,349,53,81,311,241,217,196,18,200,442,55,366,245,365,257,276,224,434,137,377,223,17,334,270,174,192,381,20,234,307,341,408,229,286,144,187,347,238,184,102,359,312,405,60,190,54,100,123,418,322,8,2,213,191,64,439,453,399,106,249,79,272,142,336,63
46,438,318,28,216,457,72,91,326,443,429,97,100,398,233,284,77,269,368,194,43,58,189,15,363,62,159,367,203,358,176,327,321,71,181,294,150,337,130,252,403,376,162,270,119,365,212,308,76,283,104,74,222,271,196,144,47,246,434,205,299,93
375,420,65,133,140,131,407,73,425,257,329,432,341,134,207,253,264,410,306,275,267,159,389,225,210,99,433,188,399,219,235,334,135,110,14,254,192,163,416,23,152,339,379,332,59,357,396,160,112,126,101,413,213,260,421,393,321,394,107,122,139,460,184,355,444,283,437,458,224,330,427,256,93
374,424,155,238,460,356,95,316,227,308,240,438,134,75,67,123,42,32,272,184,352,343,105,49,160,243,369,396,344,462,267,351,414,54,262,301,432
167,21,64,425,89,228,142,351,115,437,451,440,156,441,161,229,426,270,130,68,286,27,160,116,354,226,88,457,136,247,46,9,165,289,349,191,210,137,168,281,194,81,203,219,234,193,374,37,170,260,333,106,389,120,275,443,24,150,452,258,436,458,301,126,324,365,76,125,55,249,235,307,212,29,423,199,353,204,202,265,263,290,362,391,56,398,359,181,6,118,192,314,403,274,189,78,320,244,413,285
450,247,105,98,147,29,236,10,241,191,430,363,320,390,289,14,417,21,410,356,272,434,37,287,22,53,64,226,55,452,137,136,94,2,109,106,57,138,87,179,96,90,274,44,67,60,8,6,428,213,461,171,303,306,423,409,143,180,437,17,294,362,369,425,4,243,411,212,209,52,295,157,149,84,319,453,284,420
183,379,32,22,111,412,205,418,158,337,39,342,327,1,113,383,290,13,147,227,350,176,11,130,86,237,198,256,390,197,283,30,385,235,134,212,258,452,51,444,405,70,123,9,214,332,426,72,199,110,217,238,21,98,16,146,417,243,313,253,360,392,387,353,367,365,278,348,54
422,264,399,99,126,432
83,463,273,232,211,360,172,271,284,457,126,251,329,188,344
452,391,211,281,137,119,252,61,363,380,111,246,432,164,336,390,104,328,70,298,90,232,27,339,118,243,150,125,10,270,66,123,75,280,453,238,356,318,398,401,52,247,351,40,209,34,152,427,417,204,171,329,428,64,406,72,279,37,30,456,324,199,144,130,81,307,399,286,202,295
208,87,169,311,394,50,178,174,53,339,36,66,257,75,307,21,392,100,280,273,374,254,157,42,235,325,390,41,406,358,259,161,319,199,429,449,37,395,277,278,323,88,16,309,148,234,24,431,141,179,30,422,86,351,371,18,246,462,310,447,200,10,84,227,417,376,204,286,2,25,375,418,400,308
289,338,334,455,8,58,207,371,118,419,296
350,216,384,120,237,442,214,321,134,345,131,163,314,429,381,31,34,99,43,56,117,328,18,23,409,373,162,372,212,82,413,300,182,296,416,452,404,240,408,233,293,152,360,421,425,170,178,70,54,94,252,2,331,187,308,145,156,222,125,183,376,114,318,354,230,89,118,196,460,399,457,194,65,126,463,263,247,370,451,146,304,285,197,86,203,80,313,312
311,199,401,79,240,334,180,160,213,333,260,210,142,418,343,350,108,361,155,125,133,253,424,381,415,201,94,16,309,23,132,17,332,181,172,234,312,347,47,456,248,365,164,331,279,96,300,254,90,156,447,292,440,45,129,4,109,346,304,432,223,314,274,345,269,225,236,268,436,195,21,298,437,316,366
222,284,423,116,144
363,78,48,69,107,213,285,10,138,379,161,325,311,326,456,204,12,320,246,38,215,14,61,67,267,225,141,43,33,431,463,296,419,62,59,212,333,318,247
372,374,148,102,297,28,49,106,451,357,244,185,92,27,219,154,218,217,460,454,223,56,342,108,423,142,177,53,257,26,311,313,434,72,14,174,208,283,181,456,35,67,370,409,70,290,263,118,134,211,309,90,76,403,435,157,364,448,395,424,381,412,2,74,275,371,353,251,234,138,259,299,264,254,77,104,145,188,51,190,414,326,89,44,143,390,440,83,411,258,180,151,186,359,317,65,250
428,82,149,102,94
452,156,194,393,192,54,225,331,57,109,71,161,445,307,389,387
374,384,128,59,167,212,147,413,54,173,276,183,65,448,432,168,120,296,23,45,77,217,391,382,171,236,33,258,294,428,76,107,121,81,259,336,325,449,131,320,288,235,96,180,293,433,154,209,253,292
67,389
177,210,4,118,38,296,255,438,437,103,26,29,195,350,78,206,205,306,275,325,405,397,122,86,389,378,101,239,344,377,382,147,287,428,360,346,146,121,71,454,364,313,307,388,180,271,359,418,211,8,40,192,427,208,257,351,244,95,114,385,277,384,212,133,14,455,322,90,59,182,312,343,299,218,361,7,407,125,261,349,113,22,435,341,13,81,262,217,273,334,42
217,212,218,377,341,85,426,76,267,132,303,393,351,344,387,104,150,228,72,180,107,70,44,306,151,143,323,264,250,428,33,18,334,21,329,38,312,361,178,203,198,355,379,223,153,247,295,87,413,90,384,319,394,284,172,192,339,304,435,240,282,175,195,383,353,113,89,340,287,436,316,56,249,404,363,441,257,35,444,276,376,301,27,105,140,439,318,159,430,315,373
123,458,234,124,260,379,33,170,25,29,232,344,303,75,96,137,121,385,186,148,150,359,141,218,420,390,367,161,446,159,428,85,215,329,386,100,427,225,402,312,275,80,65,200,101,136,174,88,409,219,46,128,6,424,310,361,297,193,12,255,332,456,355,358,324,298,399,14,134,279,74,59,306,237
170,421,330,161,125,326,84,30,346,388,447,363,256,360,430,440,386,177,15,132,9,57,404,381,337,349,438,329,433,28,10,218,116,45,201,282,29,61,111,3,263,426,230,377,304,320,401,247,335,458,431,104,194,261,102,344,131,398,402
370,298,255,136,82,226,357,83,367,152,382,211,291,90,151,168,119,35,217,409,280,273,93,299,156,395,193,207,355,184,252,360,71,57,142,121,130,60,153,374,62,17,158,368,275,179,218,381,362,95,172
36,33,135,339,367,128,52,365,55,355,350,454,247,257,256,312,170,249,414,285,391,442,362,221,416,251,405,239,303,380,6,203,268,322,283,187,327,359,180,200,64,293,15,122,368,260,459,226,31,370,159,43,147,37,209,110,5,121,411,76,173,427,194,276,100,63,363,65,253,79,385,308,97,163,73,95,461,348,162,114,333,223
102,382,457,367,36,368,310,234,224,197,195,133,414,219,55,218,72,434,302,193,313,410,415,187,290,416,393,355,41,134,451,150,196,255,463,329,426,186,316,364,228,317,370,162,185,192,14,140,461,389,52,455,161,8,342,280,27,459,366,175,15,94,92,242,147,425,163,122,4,60,222,441,281,216,47
196,437,5,318,386,56,129,168,156,149,29,122,372,394,456,32,325,47,327,430,123,238,321,365,432,341,81,354,108
144,242,89,359,88,356,52,386,50,218,74,331,119,247,283,163,226,338,297,205,317,162,279,405,450,401,267,14,240,114,9,296,141,116,187,124,184,429,414,300,357,393,328,64
140,52,268,248,10,195,304,3,306,211,202,149,15,457,320,47,298,246,233,244,23,339,19,372,279,270,449,265,63,131,395,439,269,129,227,53,376,429,404,134,297,309,130,214
259,201,445,29,62,100,174,426,109,345,216,156,363,336,83,286,237,276,375,449,96,410,408,19,340,389,117,128,440,45,463,245,248,422,163,260,215,249,112,272,210,121,399,185,16,298,42,229,74,234,358,50,22,232,312,137,258,299,106,318,334,63,67,401,54,319,87,289,437,309
249,398,34,306,40,426
340,209,26,436,200,45,462,42,427,141,144,356,408,68,374,157,16,266,392,242,208,278,166,133,198,463,77,270,412,433,129,282,203,248,128,123
371,413,260,230,70,126,158,303,355,396,444,406,11,198,204,50,309,133,324,138,33,120,52,440,123,6,252,91,129,68,329,145,348,81,455,173,178,365,316,409,339,152,182,106,393,282,46,219,437,8,27,364,49,165,56,400,338,354,167,121,344,461,317,128,146,17,441,34,443,141,382,271,250,55,395,423,345,196,359,330,183,277,118,299,300,399,185
334,380,170,447,91,267,33,365,37,245,194,187,119,438,79,359,223,352,162,356,458,108,117,269,324,173,10,75,440,462,100,282,398,36,96,444,29,392,272,204,218,182,396,70,321,80,211,46,109,140,134,143,59,345,415,249,148,349,376,328
350,92,182,357,254,149,424,81,429,459,282,249,444,380,370,178,197,172,277,161,82,138,417,128,450,389,447,122,234,239,271,455,210,46,375,441,53,80,98,162,363,230,217,20,68,401,229,273,293,246,112,454,458,119,416,316,393,1
423,319,315,387,150,263,275,324,364,75,401,42,44,303,436,25,128,83,442,284,330,336,311,58,99,132,322,64,268,444,131,30,407,47,242,427,202,248
74,145,19,113,276,12,171,334,123,415,148,156,5,391,449,409,40,103,233,262,16,128,344,289,306,202,455,106,296,316,439,402,46,6,173,232,457,30,76,200,195,313,38,13,157,51,433,22,199,376,50,314,170,341,211,463,275,57,116,212,184,345,31,412,301,348,191,258,264,242,47,427,272,462,97,435,21,192,371,59,105,447,268,89,117,138,369,137,273,298,222,8,441,129
209,72,221,290,343,425,357,462,112,147,366,310,204,73,445,114,80,257,19,330,261,301,59,84,128,133,111,33,145,191,29,341,289,352,98,272,3,308,66,223,219,53,391,14,274,87,416,449,383,374,434,52,327,422,355,403,340,320,11,402,71,30,271,23,325,349,248,217,175,396,118,234,119,62,101,103,173,458,44,371,213,413,150,405,55,400,210,109,280,380,88,263,279,346,117,165,385,240
10,254,132,41,9
53,413,179,66,405,449,443,34,207,6,144,10,239,315,313,399,118,208,308,397,278,457,384,125,275,436,335,206,261,102,85,445,249,428,48,46,338,460,227,159,328,21,448,301,450,24,120,20,398,213,429,19,31,146,23,347,209,136,230,356,54,325,344,422,402,27,410,378
387,293,229,57,396,252,84,448,276,451,459,326,443,375,166,275,262,35,352,185,30,125,105,282,247,423,193,38,432,21,5,382,376,175,128,66,189,46,269,179,384,273,103,453,86,240,70,349,182,115,162,194,126,137,360,420,77,2,117,254,348,40,230,58,263,133,127,228,242,422,75,150,442,306,188,224,101,187,3,307,148,447,67
217,148,297,414,223,446,391,52,261,199,144,367,37,351,239,73,191,342,207,174,453,410,31,288,289,400,447,154,348,396,9,273,180,395,443,313,170,260,161,292,94,109,101,95,151,192,83,321,116,436,87,47,452,212,65,196,175,269,142,197,352,307,115,189,204,153,434,431,291,213,432,97,376,23,415,257,277,53,81,89,137,120,363,324,102,7,186,403,34
273,306,401,292,56,11,305,175,358,313,142,309,109,351,235,187,213,112,117,189,406,2,410,30,257,346,120,146,245,6,322,326,52,115,17,426,21,47,234,408,204,176,407,391,441,206,394,167,342,231,362,261,185,291,42,180,16,159,329,328,432,199,138,387,355,461,229,336
422,29,59,45,124,37,369,335,227,231,279,75,67,399,39,147,244,76,145,64,127,438,1,428,211,21,202,308,424,195,50,96,340,366,447,90,235,365,453,427,6,342,188,159,81,153,328,312,186,229,88
164,72,211,133,229,33,149,137,432,252,259,65,446,250,168,372,201,100,21,60,422,111,108,200,330,10,120,192,398,456,408,237,292
170,431,89,367,40,346,313,166,409,152,230,125,107,83
346,240,439,318,335,121,244,43,227,114,136,322,161,454,72,52,355,219,112,423,339,99,372,463,225,260,201,390
305,397,59,289,73,191,5,65,311,53,453,365,47,377,127,395,178,61,412,240
344,203,234,115,102,221,400,336,211,35,387,72,459,412,74,168,328,42,360,351,12,202,120,411,329,68,11,223,298,300,257,30,99,90,69,315,89,165,389,179,334,278,153,135,247,20,27,114,445,70,460,87,302,455,359,192,215,45,286,404,142,371,228,352,374,112,343,434,380,384,346,66,382,414,138,462,122,396,170,291,232,312,22,240,449,367,438,49,236,67,31,342,317,197,361,77,270,243,5
304,330,401,38,90,431,177,45,92,316,350,408,8,264,460,159,214,414,347,308,302,6,449,314,88,461,456,313,393,97,450,305,205,61,74,363,404,175,267,332,137,250,201,367,358,181,119,79,383,178,50,39,91,417,381,109,206,282,441,300,144,1,87,329,191,211,170,117,4,396,94,77,136,263,26,174,11,425,385,101,164,107,430,98,229,185,333,138,321,35,162
70,413,373,209,210,336,278,302,116,126,454,323,311,290,139,313,371,30,291,196,50,25,262,62,421,172,224,8,81,361,54,277,66,389,455,103,385,133,75,342,21,160,332,431,43,233,118,164,131,357,372,310,408,401,175,117,279,320,171,168,165,186,297,378,368
212,54,346,201,77,41,130,385,70,412,47,437,85,393,341,316,371,236,206,136,330,1,310,61,418,430,326,60,169,353,406,277
205,34,424,12,75,279,378,313,184
138,283,107,127,403,429,98,244,258,233,97,404,161,203,11,15,14,159,396,18,322,269,141,221,337,361,452,129,152,336,78,406,83,297,237,318,7,40,26,207
346,184,26,101,269,92,405,8,279,15,78,322,65,301,302,107,245,263,308,117,430,212,344,225,221,326,428,104,367,200,319,204,350,38,229,345,260,437,336,422,291,432
66,157,96
10,98,178,287,73,442,8,107,395,427,432,144,77,363,126,11,150,236,27,369,120,443,344,158,170,418,193,275,185,81,352,163,205,225,173,413,229,351,316,32,148,371,394,154,458,262,366,232,49,334,71,86,50,288,12,69,80,160,43,393,392,265,270,67,307,459,452,331,88,339,430,303,402,272,426,121,264,68,179
58,290,219
85,446,67,265,150,391,207,375,268
445,88,269,101,314,280,435,138,117,371,329,240,374,412,379,250,75,243,153,463,121,183,395,142,352,38,345,47,217,344,332,48,381,207,259,136,147,37,152,41,413,70,60
282,98,196,360,144,39,449,38,392,19,162,281,373,423,61,293,174,134,239,238,371,191,256,386,337,309,267,457,171,192,88,372,65,460,412,296
443,345,393,146,94,429,171,435,50,271,454,247,71,150,113,222,307,205,192,65,76,384,249,320,101,26,97,208,407,31,156,350,409,18,353,338,406,12,74,227,230,386,193,462,210,5,136,45,115,266,415,37,132,197,90,348,374,96,75,377,33,168,422,396,314,55,199,341,30,218,403,109,371,255,323,408,153,420,47,275,268,362,6,51,237,24,98,105,411,313,21
131,348,25,248,227,47,415,56,125,12,237,438,69,96,184,373,389,398,181,321,82,144,381,325,439,413,417,118,387,195,200,452,174,295,42,448,361,240,157,167,38,74,97,399,100,199,376,212,245,220,85,317,404,205,457,451,210,156,352,386,77,279,133,161,462,344,9
370,382,238,261,129
191,400,332,8,260,362,214,283,264,319,42,322,274,231,334,217,421,399,119,34,29,182,248,291,155,296,419,7,381,197,456,318,309,56,153,266,90,364,193,39,232,358,325,360,106,149,458,336,314,328,40,350,313,5,221,444,199,152,146,103,161,171,186,167,434,425,20,438,49,288,324
59,331,337,276,61,41,104,122,21,191,94,106,262,278,309,90,384,438,91,2,147,463,120,36,302,114,404,9,84,174,70,22,239,395,53,11,293,372,158
461,404,210,313,396,318,181,352,10,457,341,31,349,435,220,345,336,196,167,161,218,446,441,142,311,451,20,75,350,147,32,338,319,67,229,306,59,387,51,409,295,273,158,152,101,88,209,433,38,270,267,301,366,329,110,460,14,124,126,47,398,225,166,258,328,95,337,422,159,418
312,347,369,443,318,434,14,104,291,77,160,176,33,158,420,276,189,171,28,38,324,287,50,317,298,24,453,310,46,349,100,461,98,265,208,278,162,380,143,112,426,78,47,350,315,322,21,26,42,335,439,115,401,275,180,220,355,454,410,65,108,94,80,226,264,79,249,7,377,17,148,20,81,300
343,308,176,99,115,410,442,403,235,221,424,245,436,160,345,269,327,159,358,203,220,418,64,53,96,451,23,181,301,249,62,141,87,264,268,287,201,376,417,110,273,43,377,24,74,90,51,428,446,33,19,293,435,383,117,366,349,94,262,147,254,188,52,228,387,70,236,284,359,139,76,170,186,15,48,277,217,137,6,27,73,449,394,81,95,75,282,433,25,431,84
237,301,124,457,142,364,426,196,46,252,324,297,430,230,377,285,333,227,246,118,456,225,209,99,329,341,81,121,164,422,450,154,245,370,401
171,85,186,50,450,82,285,192,367,180,282,52,32,445,58,457,63,339,86,415,265,38,433,317,305,118,1,21,133,407,152,390,252,235,359,126,438,33,245,57,449,108,48,35,22,328,291,287,25,134,332,325,338,269,105,369,225,145,47,34,11,153,31,43,251,114,454,403,301,353,26,210,456,237,162,277,146,139,80,371,194,97,322,288,416,385,81,175,68,59,396,318,387,69,380,121,61,283,77
412,299,51,278,232,320,113,449
72,56,221,94,239,307,70,434,366,280,440,357
39,56,400,203,177,309,48,416,262,15,248,49,272,277,429,40,263,164,371,88,279,243,216,14,314,334,46,217,65,348,321,55,227,28,431,422,351,222,180,267,458,325,116,163,148,159,33,339,240,210,59,397,154,53,69,446,392,388,430,110,391,426,462,160,299,101,449,226,424,404,142,341,21,161,186,189,125,172,420,295,112,146,286,134,289,52,264,403,188,305,349,306,147,228,344,170,171,330
267,463,326,213,411,373,209,104,348,288,254,19,94,53,166,216,105,448,102,137,360,398,366,194,134,198,250,56,205,406,381,79,462,251,107,296,419,15,70,195,311,382,443,279,106,50
68,262,449,418,340,52,247,353,408,164,215,132,113,455,214,50,238,8,183,305,368,7,81,290,131,182,383,41,443,37,14,153,242,178,186,120,225,75,342,259,193,134,161,357,360,256,444,45,55,260,246,337,254,77,410,172,257,56,318,284,463,448,159,303,17,366,417,229,219,391,185,72,395,281,394,376,197,398,380,1,244,99,59,66,202,264,2,157,23,184,273,112,174,350,108,70,316,283
342,308,250,198,225,98,302,185,367,63,92,14,89,407,166,426,458,199,23,108,70,27,420,377,437,41,53,114,151,219,256,271,75,1,303,427,332,139,358,311,378,169,48,454,123,321,187,32,150,25,94,244,241
172,32,128,87,187,201,27,360,292,376,20,52,441,431,72,219,383,149,298,79,138,118,315,188,222,381,39,323,95,88,202,249,238,285,401,251,94,354,370,35,266,276,367,144,399,7,136,369,98,26,412,123,11,116,459,46,463,185,96,67,31,234,28,229,290,127,380,455,204,36,253,153,329,287,335,233,372,331,170,368,275,307,250,402,255,152,428,227,33,458,131,308,337,316,217,184,245,389
146,162,377,298,268
387,300,303,334,357,15,108,447,377,56,307,309,297,132,146,268,109,6,220,23,294,121,325,317,257,276,410,117,119,461,250,389,367,352,196,54,214,279,65,101,324,277,358,302,41,306,431,162,8,218,174
268,3,66,158,253,441,65,271,37,392,192,191,129,337,434,147,25,123,89,209,415,359,201,146,130,306,164,442,149,157,64,259,185,82,30,456,374,404,95,417,427,86,6,96,73,393,394
345,418,332,353,98,54,102,209,18,339,205,206,96,261,79,130,448,336,243,237,391,78,127,283,410,140,396,211,180,52,163,235,194,62,108,155,375,146,309,256,311,11,398,187,423,42,321
185,50
160,430,6,149,286,184,405,300,89,273,67,41,137,414,456,454,38,274,3,91,254
44,365,289,336,7,91,280,278,145,228,359,453,146,221,184,405,340,276,180,416,352,403,320,388,332,350,118,27,248,300,249,214,206,38,373,157,374,442
74,330,57,323,195,146,93,334,297,284,352,371,187,408,423,36,107,28,271,317,84,307,348,313,248,212,103,384,269,263,301,244,69,325,440,433,45,299,410,311,295,95,302,357,305,6,420,355,434,289,41,294,161,455,259,55,78,72,151,32,38,204,166,199,35,436,130,356,219,160,102,24,243,362,457,267,116,82,200,54,333,47,329,241,350,181
408,298,363,369,302,316,196
259,13,130,58,22,356,45,187,287,387,415,147,21,72,156,134,277,361,139,388,244,20,441,77,145,398,438,320,437,308,309,200,322,59,84,364,38,104,99,431,17,336,185,18,240,248,205,177,324,10,203,444,146,452,1,385,313,339,306,285,28,189,367,264,360,330,343,362,216,430,355,319,462,129,340,312,115,348,386,50,243,238,161,6
134,337,449,38,328,272,306,216,245,262,11,401,390,231
17,366,256,299,87,125,280,58,128,121,69,35,154,109,406,202,321,34,124,303,371,284,67,379,53,422,446,50,282,418,348,244,129,239,19,288,38,295,335,399,63,203,423,115,275,443,135,431,182,49,159,78,60,228,425,260,234,120,407,411,184,218,25,39,220,372,85,192,361,401,334,459,433,86,190,396,436,243,291,71,322,223,83,387,310,211,340,199,131,197,144,62,137,333,241,141,205
319,10,261,156,449,168,242,132,202,327,332,90,185,254,60,101,203,102,76,170,462,51,459,300,180,333,110,295,406
207,377,385,269,105,410,393,312,463,440,74,177,255,149,111,98,395,338,315,49,78,143,190,317,321,237,358,448,459,39,291,114,40,155,161,133,272,193,355,171,84,327,206,150,218,331,382,71,185,15,449,314,346,125
63,443,145,361,103,33,226,100,284,330,59,324,72,54,27,360,22,261,368,389,188,256,362,68,238,104,278,182,396,322,333,60,142,51,3,393,309,45,449,340,371,274,20,101,325,354,114,204,337,329,280,453,459,5
179,211,101,233,354,322,59,109,50,62,201,119,237,300,283,353,328,234,250,252,285,463,459,431,13,42,222,124,289,147,287,61,330,254,105,275,301,403,380,144,194,197,378,170,316,115,292,231,319,348,260,404,151,217,160,228,99,336,267,102,454,79,462,347,181,246,173,117,97,118,411,103,196,265,255,175,433,21,299,355,104,202,92,212,314,74,5,72,14,240,213,29,68,161,9
126,112,430
294,382,115,289,37
251,248,167,151,223,195,315,385,245,259,234,188,292,160,47
452,391,148,344,274,34,366,198,14,53,68,460,54,329,112,32,381
279,288,191,50,410,146,340,139,287,341,86,284,276,366,58,457,70,72,327,367,77,427,315,397,292,459,169,424,1,296,99,48,22,219,351,453,126,64,333,312,198,377,266,20,463,354,218,149,74,215,415,108,33,455,418,437,231,144,346,359,380,39,252,59,47,84,331,448,381
332,347,246,13,277,215,431,44,136,333,169,362,88,83,322,155,459,95,157,189,428,310,135,218
203,185,233,265,242,329,146,82,410,7,293,145,157,215,25,321,88,128,36,267,80,5,409,227,175,366,172,150,280,18
214,246,164,319,407,353,123,221,299,343,377,48,421,22,393,140,437,441,317,283,395,448,127,61,386,105,248,432,156,434,367,178,250,356,341,67,196,181,121,59,177,204,233,267,409,457,152,179,347,372,337,65,69
57,44,110,6,346,11,220,320,112,124,348,266,452,260,32,19,29,211,213,202,228,183,384,82,331,392,111,349,99,304,3,90,324,411,336,365,297,310,214,223,24,98
275,72,109,116,5,451,379,282,292,73,19,434,142,341,209,235,371,247,7,293,269,425,57,369,328,226,15,164,380,193,266,107,92,128,271,63,443,136,118,134,253,456,84,166,69,91,64,74,384,162,454,350,173,311,365,342,180,255,257,50,187
2,423,461,3,42,349,93,97,270,182,20,240,44,229,204,442,5,222,276,346,163,36,365,366,400,454,418,14,25,110,147,167,413,390,396,452,88,409,260,295,327,168,374,72,244,330,190,54,102,326,438,332
414,316,293,244,88,162,175,396,463,80,180,327,366,55,183,154,105,260,155,251,217,156,395,427,259,71,129,448,291,3,70,364,124,43,165,313,116,411,333,222,368,350,94,305,235,236,437,21,187,289,126,432,221,111,219,330,30,439,335,196,110,223,147,20,283,82,168,336,452,45,337
315,386,103,142,233,178,281,296,378,158,127,228,180,361,222,262,210,225,93,271,165,452,163,28,344,215,382,185,235,66,160,227,134,354,79,371,343,259,383,318,245,448,154,152,454,365,313,31,22,125,342,355,399,340,114,155,338,110,407,189,436,298,136,265,73,420,124,77,195,38,357,89,179,130,49,359,126,206,379,442,192,30,328,409,177,408,404
286,402,56,119,442,207,173,238,133,414,187,135,186
61,200,77,440,357,110,52,322,362,379,69,169,199,64,10,274,325,142,100,240,224,65,60,409,246,341,45,327,368,447,114,298,345,383,212,131,106,79,378,317,293,211,414,386,426,247,112,328,433,222,425,261,429,166,366,190,84
256,338,77,264,174,430,260,94,79,311,89,312,301,30,417,329,441,344,274,463,86,248,52,226,250,339,207,271,427,366,230,306,95,60,188,180,117,407,215,318,244,238,108,410,400,263,424,1,9,187,80
237,428,56,36,114,102,35,219,37,378,40,452,371,454,449,415,434,264,205,44,7,172,315,101,231,450,69,95,85,265,13,319,410,186,267
455,211,94,289,130,192,244,188,147,96,44,268,275,182,183,100,296,167,194,331,40,7,240,185,169,215,404,15,282,14,162,33,272,436,202,21,91,293,157,311,89,294,328,440,285,72,201,171,301,321,365,225,270,337,24,344,364,226,117,110,95,384,112,66,334,292,371,138,445,42,429,265,236,216,13
260,273,288,104,326,213,406,342,19,351,388,76,392,328,31,378,134,119,230,26,310,373,398,461,399,172,361,199,8,18,89,34,182,175,127,422,14,255,311,162,349,181,130,244,145,287,209,300,221,404,278,117,319,250,272,375,20,96,338,327,313,383,374,267,40,384,360,418,190,217,52,289,231,207
417,63,165,201,173,214,75,145,409,365,140,320,158,65,172,7,124,240,302,303,31,412,208,237,238,394
25,16,168,286,174,201,439,435,196,45,19,290,306,176,18,219,171,177,342,323,5,129,241,394,373,434,375,33,235,283,87,214,158,72,344,340,346,449,218,157,113,182,376,351,66,359,119,21,37,426,393,277,3,122,259,441
198,201,27,9,251,115,434,77,442,312,430,93,139,245,444,369,69,88,140,428,410,7,432,110,461,227,460,26,191,285,107,438,81,167
450,168,390,221,429,237,37,119,146,142,205,315,228,42,269,120,375,243,114,331,90,263,172,424,394,354,370,87,105,156,141,73,254,460,53,435,157,116,101,133,258,75,55,248,66,297,276,417,98,458,287,393,193,111,423,240,409,420,82,284,241,323,31,163,322,211,414,180,341,231,396,224,56,148,151,194,123,51,374,342,11,291,389,363,6,292,222,245,309,100,109,455
85,61,10,258,462,430,381,4,338,425,240,115,21,362,277,455,218,49,438,210,296,264,245,271,180,13,324,256,118,410,172,7,441,329,30,439,166,84,394,79,193,202,74,289,156,280,192,141,450,76,389,9,248,137,367,231,93,287,320,418,54,89,459,385,36,424,50,390,102,414,199,235
50,173,61,393,192,112,151,351,165,435,374,255,172,110,40,8,228,216,392,372,32,383,76,97,257,33,212,161,256,446,414,263,353,213,262
111,197,95,433,279,325,193,458,390,428,416,330,139,346,252,87,265,350,397,202,320,125,25,42,171,306,435,237,295,351,177,347,212,343,213,426,216,453,191,10,233,386,93,118,460,204,381,176,78,133,303,145,130,267,200,327,77,429,248,371,46,293,154,370,299,109,414,124,418,407,395,68,310,319,27,194,137,11,272,155,140,126,430,51,86,457,282
84,344,73,315,394,22,23,223,305,329,104,365,405,119,303,283,140,343,287,118,208,72,384,67,172,297,325,216,320,204,42,249,171,440,176,38,289,105,26,106,18,39,29,25,31,265,209,412,64,311,270,1,43,367,177,86,361,210,174,310,170,438,407,321,238,192,286,291,76,16,175,381,12,144
407,271,68,110,153,379,359,318
6,19,364,65,36,383,247,366,41,225,336,104,120,422,326,374,420,4,309,158,74,405,47,354,237,131,428,274,424,361,446,192,279,220,384,145,62,292,97,191,372,114,282,273,161,393,64,33,199,197,332,90,270,216,148,418,229,333,142,363,276,75,244,143,325,128,403,38,87,358,392,227,235,315,303,83,377,321,320,78,327,48
172,160,40,78,227,260,54,30,378,351,367,112,73,386,312,11,429,195,102,463,192,330,286,109,283,10,31,16,371,243,77,441,38,139,310,229,239,443,186,183,438,81,166,19,420,362
220,178,35,202,199,94,20,146,235,428,254,44,156,238,206,358,46,368,412,437,223,405,91,307,210,240,330,229,351,362,416,271,157,426,447,268,328,349,387,407,52,19,212,10,38,344,215,134,310,90,141,162,197,255,33,151,264,373,308,80,280,444,185,273,15,425,355,216,253,265,386,339,48,107,55
52,42,447,341,134,382,235,111,319,463,163,392,85,223,404,380,373,455,332,89,133,104,260,273,359,198,461,419,62,92,354,108,347,31,286,116,90,435,188,375,160,299,331,80,441,137,213,269
388,342,190,46,374,16,289,246,192,100,254,360,72,171,411,215,194,315,349,133,196,231,80,325,4,363,307,339,229,439,218,199,445,150
129,242,261,350,8,448,50,181,5,362,172,394,374,7,243,412,431,46,66,3,456,311,184,42,271,424,20,115,371,322,92,118,79,25,158,173,236,72,105,1,462,368,227,230,110,281,438,367,359,260,124,402,62,223,122,113,144,102,378,179,393,168,437,269,411,407,145,363,6,142,422,19,403,313,329,177,392,49,94,344,71,241,342,453,255,210,88,289,349
352,270,146
31,107,255,276,99,383,16,348,2,295,358,291,26,120,334,380,308,24,300,312,40,360,103,152,241,393
459,374,125,152,195,275,331,13,336,41,181,107,189,93,397,186,158,73,366,312,388,235,457,436,100,441,359,293,296,47,424,442,29,426,177,429,96,95,326,146,297,337,24,385,333,276,6,221,216,229,201
381,304,332,292,255,97,188,83,142,202,316,198,77,203,199,377,42,416,28,67,394,445,380,15,417,287,303,162,312,9,227,382,362,297,50,254,298,8,32,399,166,402,268,414,238,146,145,163,242,6,406,45,128,187,351,106,82,72,160,23,366,171,59,289,63,154,138,79,300,441,7,324,264,290,439,220
128,260,392,23,435,167,397,244,410,68,415,49,432,226,217,168,236,250,29,30,31,5,138,358,152,171,18,3,304,413,340,366,67,305,280
366,38,127,229,67,267,154,11,213,235,232,253,428,444,55,179,147,361,252,355,318,300,325,223,98,195,211,294,239,317,357,291,430,153,180,113,437,164,278,234,49,74,36,394,303,57,244,307,37,292,105,72,225,426,370,159,34,407,121
163,454,221,326,342,418,388,167,144,185,84,420,338,189,311,252,281,367,450,243,359,91,275,87,352,434,47,208,54,241,201,316,453,449,448,353,321,374,269,403,81,162,226,362,20,335,279,66,292,99,168,194,68,249,349,165,1,428,10
414,16,93,213,165,429,256,274,373,9,210,182,362,302,150,418,259,416,370,121,318,87,40,138,308,341,286,287,445,56,421,46,214,189,79,413,104,149,324,335,339,148,101,230,462,328,357,440,448,378,407,132,127,278,52,72,371,300,395,285,1,406,422,368
138,352,169,236,332,405,406,244,252,86,177,409,110,303,217,279,70,412,283,356,280,232,97,196,462,451,161,453,186,92,282,375,446,189,454,104,157,240,277,146,209,38,71,93,74,25,355,371,32,184,361,368,123,333,310,238,221,130,386,147,264,439,403,291,176,118,101,183,46,348,28,259,281,36,66,428,155,398,421,84,381,330,417,126,334,39,311,2,426,231,289,100,440,150
77,275,327,355,454,222,75,315,102,217,272,60,373,431,287,375,413,401,367,365,307,163,195,389,85,135,426,406,3,356,448,408,205,21,73,418,90,219,442,322,388,26,96,97,153,399,72,28,437,439,118,349,105,293,14,122,424,313,416,303,59,360,16,324,49,255,146,63,34,331,207,384,56,232,338,353,261,117,208,284,80,86,22,236,343,83,221,92,227,132,230,300,225,27,95,348
21,126,304,30,334,20,315,56,239,107,374,268,173,292,421,139,223,372,170,318,51,91,305,417,426,38,368,133,391,214,221,420,155,403,145,311,376,186,225,414,438,104,81,437,299,109,281,5,435,230,255,379,217,276,441,436,332,61,392,142,358,151,451,235,97,337,324,290,122,150,205,395,430,43,215,187,306,90,94,227,83,196,194,101,348,308,132,99,249,41,50,399,254
451,459,427,270,192,366,66,246,140,227,176,134,32,144,416,229,328,447,215,372
392,104,26,408,355,42,433,218,21,442,327,27,315,463,267,171,422,141,40,206,403,60,110,161,187,365,302,216,15,373,330,8,160,318,316,393,55,230,402,39,83,168,283,453,157,123,334,291,63,226,412,438,306,421,175,85,67,56,313,185,386,411,164,73,455,64,415,420,103,250,81,281,163,84
336,217,296,146,144,190,460,83,261,240,303,350,116,420,407,206,328,216,416,1,204,130,172,433,256,25,359,409,9,367,66,324,383,15,63,111,77,382,61,7,439,271,434,251,334,110,379,393
171,68,226,453,429,264,277,99,195,358,51,209,323,423,175,229,411,57,441,273,291,12,104,186,421,102,60,266,311,218,8,87,370,405,403,399,126,38,161,240,58,23,67,18,424,148,344,227,82,332,72,1,457,446,257,282,321,207,174,306,189,387,378,101,398,258,47,80,288,382,304,333,270,267,140,252,89,353
229,49,203,214,137,448,409,441,400,362,288,209,363,253,107,69,260,251,216,394,267,445,183,358,163,108,296,4,269,342,387,38,248,291,319,377,84,426,131,142,25,357,331,178,435,206,444,160,102,130,332,293,323,380,343,344,440,458,369,258,299,317,169,339,1,436,297,127,172,270,129,410,335,277,462,390,399
63,168,260,430,254,132,277,209,135,88,340,6,227,345,147,233,207,429,301,148,21,344,334,171,236,305,250,66,99,192,13,310,8,263,189,439,2,324,326,204,456,381,120,92,106,379,384,182,126,145,161,251,388,146
2,149,310,202,254,318,255,331,130,103,104,175,358,67,35,438,190,394,345,315,198,18,30,454,213,455,440,364,257,204,159,279,322,445,188,77,68,384,186,374,133,419,398,13,53,216,451,44,31,292,366,381,241,303,116,268,7,420,93,441,313,434,439,403,40,341,1,234,347,289,181,6,225,357,51,338,11,232,83,221,462,452,146,36,437,41,233,46,142,453,197,120,283,172
318,206,44,117,414,439,124,271,301,257,341,237,296,226,407,374,50,159,396,160,8,254,228,354,229,297,411,113,281,360,173,205,251,293,172,315,9,190,106,287,54,4,288,136,279,232
358,236,390,360,111,349,163,462,257,270,350,229,71,43,79,184,149,119,351,212,143,35,292,384,411,174,343,96,321,58,251,460,54,435,105,223,388,289,429,450,414,60,344,145,202,253,162,117,87,12,328,376,457,1,389,372,191,330,246,171,353,228,359,340,196,235,127,73,252,32,373,341,314,38,326,454,463
454,388,120,241,395,109,217,14,72,420,279,253,389,397,239,425,263,194,1,433,266,83,167,242,254,86,94,428,11,417,452,290,449,313,159,82,104,328,119,288,171,374,243,338,128,324,46,265,414,320,455,182,209,352,16,66,132,349,192,302,145,322,336,437,220,57,214,310,64,71,382,196,341,102,190,407,69,54,165,240,180,139,85,440,327,270,413,123,10,156,291,35,461,316,259,347,202,292,33
405,412,343,96,341,137,348,222,233
155,65,6,457,327,18,216,33,197,176,459,295,243,283,4,407,195,134,162,86,90,399,129,36,231,113,317,439,314,267,349,16,404,369,265,138,156,58,370,272,177,441,309,255,347,274,285,202,41
315,416,31,280,186,263,5,236,3,308,27,12,449,198,243,428,208,162,427,331,110,143,268,313,219,154,445,171,405,282,364,276,299,44,30,278,399,62,366,95,408,2,240,228,179,201,67
94,405,176,34,355,190,342,242,28,222,284,398,131,340,145,456,283,384,142,168,290,91,449,201,305,58,152,113,363,7,442,318,231,97,109,161,438,314,204,281,375,59,70,156,198
2,265,168,439,202,208,72,52,178,56,409,11,137,225,285,368,177,319,359,48,181,130,115,96,369,73,121,408,360,207,294,346,370,85,395,165,437,146,280,144,356,105,149,303,164,373,309,4,219,84,388,336,166,438,315,156,215,330,192,449,390,7,228,193,69,297,32,411,378,357,238,88,393,299,101,92,142,371,58,234,374,175,304,398,458,460,323,428,288,94,258,247,197,26,210,275,160,108
353,460,86,298,329,25,103,277,283,383,366,287,48,261,105,399,432,174,165,61,106,145,365,161,426,15,80,425,285,441,132,279,190,177,58,245
224,240,2,459,72,244,115,354,403,345,166,48,277,449,149,344,452,107,253,160,322,262,255,98,225,102,241,63,116,90,189,397,168,134,401,83,376,153,381,412,82,78,12,58,132,437,300,118,93,340,6,142,204,236,15,423,327,334,248,130,23,28,101,407,404,184,457,34,64,362,112,172,222,242,321,62,232,333,154,288,377,175
376,310,52,61,226,118,37,150,12,223,319,289,410,28,16,100,458,408,389,290,153,309,93,204,216,307
