74,37,134,83,128,50,70,22,96,71,124,9,86,19,119,45,64,63,32,131,58,26,91,68,1,127,48,84,2,35,23,52,82,38,79,20,100,43,73,95,129,92,122,110,28,87,111,109,36,77,6,81,27,69,41,55,31,115,120,116,94,21,14,90,118,102,117,107,34,49,15,30,104,135,99,106,54,57,126,97,7,33,89,16,44,17,123,62,47,67,72,78,46
83,42,88,62,115,128,6,70,16,77,57,136,84,52,81,122,23,123,59,40,12,93,110,75,34,65,32,21,134,87,71,129,25,107,79,44,104,22,86,35,125,37,53,69,10,101,36,94,33,131,31,38,14,90,49,29,51,39,96,50,27,46,58,41,98,30,8,7,61,106,19
25,117,16,57,17,64,1,55,51,24,2,98,27,91,73,69,48,123,99,77,53,18,13,128,96,134,104,82,67,37,43,12,106,7,40,4,103,113,105,10,94,102,62,122,86,72,108,6,22,90,39,126,129,133,111,75,131,78,21,121,36,11,115,127,33,84,65,61,88,47,52,85,114,54,15,59,5,116,19,125,109,132,58,80,30,92,26,135,136,42,100,118,41,46,50,130,29,112
85,14,132,55,8,68,71,80,75,49,5,91,112,67,63,105,98,125,52,31,19,39,1,116,133,53,115,15,69,121,66,128,87,45,22,84,11,57,27,95,104,76,41,46,59,25,50,65,34,61,130,64,106,117,70,129,20,97,10,4,51,16,94,33,114,101,26,135,81,56,21,23,124,78,18,127,43,113,2,108,103,58,93,89,99
114,69,75,102
120,13,135,25,124,118,101,121,84,18,48,119,44,3,42,15,72,131,39,80,102,68,20,70,104,51,28,54,111,41,23,34,128,19,26,11,113,85,106,36,109,117,14,69,67,114,126,112,6,136,79,105,32,29,99,132,40,83,92,62
92,89,94,105,116,106,47,16,136,58,85,121,54,74,75,115,103,81,108,12,128,57,132,126,9,20,66,18,113,39,26,129,62,124,56,45,17,87,65,135,73,29,40,97,6,63,72,86,37,34,61,41,15,80,59,5,99,83,125,134,123,78,30,76,32,101,4,118,127,14,24,8,91,28,60,23,31,49,69,35,10
86,127,117,128,97,99,60,108,30,100,124,72,35,50,27,98,64,26,54,116,63,49,87,112,113,29,14,134,57,18,110,46,83,77,121,109,61,22,133,101,89,106,33,91,107,13,126,21,132,122,39,42,38,2,66,136,51,11,84,12,76,102,55,125,67,103,16,47,37,41,92,130,115,69,85,48,135,24,10,28,104,43,52
87,2,119,55,129,72,40,16,17,33,70,74,47,57,42,48,45,102,112,117,113,50,78,111,98,83,60
84,73,79,125,120,43,15,111,63,12,32,3,129,11,59,14,8,119,127,58,101,82,40,49,86,81,60,53,37,45,66,35,112,30,89,123,78,128,114,113,104,26,93,9,133,116,51,39,103,95,124,94,48,57,38,25,17,7,50,96,61,65,100,28,2,13,56,31,62,110,91,106,16,24,22,19,74,4,88,98,99,80,55,33,72
91,71,46,96,115,125,84,114,118,116,30,74,117,59,132,92,109,112,76,19,101,123,69,9,15,120,104,7,44,88,128,8,54,18,62,26,133,107,99
100,111,39,33,96,97,117,82,49,66,85,48,110,80,136,6,4,57,14,118,104,62,75,31,99,43,44,71,131,102,125,74,22,73,27
5,34,1,70,91,92,17,130,26,13,101
107,113,30,103,97,40,37,38,135,65,72,17,96,116,66,78,45,133
74,92,95,56,94,126,72,76,68,15,2,18,38,89,67,35,84,33,110,129,16,105,22,57,36,112,55,123,101,59,48,64,32,6,113
62,47,11,133,69,119,99,29,84,51,117,53,97,126,116,40,28,128,4,136,41,92,89,44,3,79,108,103,15,77,61,107,75,102,83,123,38,7,30,43,1,111,96,20,27,125,8,90,2,106,14,81,112,82,134,24,26,12,73,19,64,46,87,45,52,98,113,25,59,33,85
90,1,88,63,7,14,21,133,25,92,58,87,50,45,33,83,106,48,15,103,28,30,35,64,8,55,136,69,120,98,66,37,75,110,129,107,40,124,3,121,97,67,113,4,112,77,43,41,134,10,102,122,82,51,128,62,52,71,123,115,73,5,85,11,6,20,101,36,126,22,127,117,56,125,99,89,17,57,81
33,116,72,104,19,31,9,115,48,8,30,93,108,94,120,68
56,47,20,121,40,50,67,55,9,135,18,14,104,66,37,62,13,53,76,111,118,51,115,116,123,134,79,114,10,78,112,21,23,105,89,41,26,74,57,128,24,46,69,107,42,73,120,32,36,3,129,91,130,58,30,93,39,86,27,94,29,80
61,96,93,69,49,56,34,37,14,64,33,80,41,94,8,95,50,79,58,9,77,3,32,99,43,42,44,97,60,68,104,22,39,116,72,55,130,129,4,85,134,83,107,35,81,26,23,78,16,82,12
