28,16,5,15,2
102,73,153,66,113,64,12,5,25,97,144,22,57,17,139,3,6,9,51,62,69
41,75,101,64,31
85,138,96,117,103,40,149,139,31,38,30,25,94,79,6,135,76,3,109,108,114,39,9,35,157,51
109,103
124,107,136,71,160,3,12,82,116,7,42,142,36,47,89,129,171,162,40,8,128,9,2,98,77,155,76,35,78,51,26,39,93,70,79,5,111
138,72,85,155,102,123,104,117,31,109,167,55,53,125,90,24,137,68,61,171,161,15,111,23
158,129,37,24,121,68,161,119,95,131,59,4,163,168,7,65,17,44,82,26
82,67,97,62,76,117,148,122,21,57,22,101,31,147,156,131,89,68,4,11,171,64,103,119,152,142,73,107,55,160,6,48,14,172,134,47,158,29,79,8,153,149,125,140,161,165,141,13,95,65,93,42,54,111,84,32,91,112,115,90,99,72,85
50,10,130,118,105,161,49,165,91,107,59,140,56,98,79,172,109,158,113,156,86,84,68,95,114,160,80,81,136,121,101,150,16,4,90,99,155,144,134,26,5,154,60,145,53,39,112,47,162,7
98,33,79,149,167,6,151,77,32,136,38,66,145,156,28,50,160,153,24,58,166,114,95,162,16,109,138,21,56,34,141,147,148,134,57,150,61,100,20,87,18,67,164,129,9,96,159
69,136,97,12,122,80,94,99,66,6,126,168,166,115,26,100,95,25,102,61,45,43,42,124,114,159,123,13,121,62,125,14,19,139,54,105,78,144,133,130,68,169,170,67,64,113,98,44,85,60,21,4,86,29,127,143,111,89,53,146,142,16,33,158,82,118,70,162,160,48,92,65,8,163,71,93,47,112,119,141,10,72,57,31,32,96,75
126,29,2,94,151,139,147,159,117,123,19,154,112,77,106,68,155,97,168,92,54,31,153,110,18,116,57,20,38,45,33,150,6,93,128,69,124,86,81,8,61,72,46,107,105,52,164,143
16,158,76,121,29,26,8,42,119,20,45,140,123,87,15,166,14,109,10,57,111,117,51,17,137,28,88,156,36,83,134,116,125,77,41,98,149,107,106,40,122,6,95,81,127,86,91,9,96,99,100,92,159,7,67,38,93,170,136,155,138,128,108,151,13,70,168,161,32,165,118,4,130,49,35,124,101,90
149,48,64,23,31,142,109,135,25,139,101,21,85,78,74,170,110,43,1,97,19,40,91,106,111,153,89,157,115,86,138,46,147,114,2,137,136,160,125,44,26,33,145,88,126,59,27,152,22,30,133,116,73,45,123,8,54,10,62,6,84,38,36,52,35,47,95,56,71
66,168,53,23,152,37,125,133,132,29,172,85,70,169,50,46,162,147,94,14,12,122,159,145,117,13,9,158,82,95,74,103,150,109,92,102,60,136,45,58,142,155,62,19,167,63,47,115,143,8,52,24,59,11,43,16,112,130,76,107,10,166,116,7,87
145,51
125,106,51,66,126,20,34,100,50,152,82,123,104,48,115,67,130,78,101,59,98,114,97,57,43,3,147,7,52,168,121,10,112,117,36,8,118,134,30,156,53,129,133,83,69,113,86,153,131,79,111,88,157,127,136,85,14,37,12,96,63,138,44,81,62,103,16,135,49,64,72,68,90,92,128,122,139,29,110,163,91,143,120,27,141,31,21,158,160,39,166,105
100,123,25,67,23,91,2,43,50,16,28,81,170,102,38,90,164,48,149,162,122,58,70,60,142,145,143,36,10,24,4,169,140,32,80,17,59,26,69,73,124,130,107
128,5,46,144,118,11,92,120,9,160,1,145,134,79,77,101,38,24,75,147,113,115,98,69,152,103,121,164,127
71,167,161,79,4,89,110,118,25,119,8,20,45,133,1,13,33,83,98,48,163,106,125,11
167,113,75,148,158,119,25,141,13,71,58,82,46,84,80,33,34,22,61,93,116,170,1,86,122,171,69,100,130,155,89,20,87,54,102,11,67,43,37,94,143,125,111,6,83,128,35,8,147,65,38,10,70,137,112,53,117,121,62,40,131,98,129,133,63,44,138,17,45,47,92,146,160,23,14,107,5,59,165,29,31,127,123,18,106,159,74,120
139,28,69,8,4,43,91,31,48,53,93,162,95,25,77,37,65,101,16,17,105,164,62,73,102,118,41,148,110,79,76,30,99,75,127,14,85,64,83,74,100,114,131,165,122,82,154,166,60,9,141,54,136,19,103,112,126,116,67,40,5,58,44,130,45,90,158,108,160,142,6,96,22,68,135,125,94,51,23,86,149,143
102,91,147,17,69,150,96,166,41,33,159,114,71,63,117,77,79,68,15,31,172,132,67,70,26,28,100,1,74,146,112,110,52,65,8,22,168,107,113,6,137,167,141,155,160,131,93,47,125,88,29,145,46,87,136,60,156,23,75,121,43,165,128,142,50,108,86,82,12,105,58,116
169,13,138,38,171,134,75,168,166,20,153,61,129,25,28,127,132,48,15,36,89,136,152,80,45,18,79,26,91,64,4,1,120,95,143,22,158,72,146,121,54,77,145,140,88,114,101,107,41,104,60,57,123,103,68,117,50,147,167,86,133,124,156,71,93,73,63,3,85,24
27,37,158,46,22,15,118,56,96,119,8,92,79,113,169,23,14,91,152,9,88,146,3,160,26,137,66,114,145,47,39,21,35,73,25,45,83,90,132,156,163,110,101,31,139,4,36,148,82,61,51,19,99,143,153,97,11,50,12,30,106,116,127,6,124,126,24,102,166,78,13,105,81,40
6,22,103,106,134,113,83,15,56,72,167,138,144,92,2,21,80,78,96,53,127,136,70
52,46,47,96,163,110,57,87,58,88,148,85,169,112,162,19,26,51,68,160,8,161,103,107,156,83,165,98,106,79
137,157,100,42,149,172,84,120,168,24,155,132,38,45,81,165,5,131,90,164,142,158,43,31,59,22,34,66,144,109,95,67,26,123,40,15,150,62,37,159,147,64,127,87,6,82,171,111,17,139,94,85,28,51,156,134,19,47
7,90,67,150,28,19,32,56,163,130
