105,207,97,189,187,133,10,16,85,23,87,113,124,181,184,86,61,140,68,3,117,28,18,118,103,196,90,171,15,186,202,112,95,60,141,1,135,128,170,111,152,188,114,79,205,80,125,197,160,102,107,43,36,50,70,35,63,167,9,209,137,82,138,206,93,192,100,41,126,198,96,65,136,78,169,6,91,17,58,55
139,162,27,163,61,172,47,176,104,5,39,169,38,160,122,8,185,150,181,114,60,75,177,45,171,113,88,96,143,90,59,191,100,10,57,112,80,85,74,92,99,73,184,9,58,20,78,52,127,155,81,145,119,167,62,190,31,50,106,24,179,189,40,76,149,84,14,194,141,121,198,202,120
48,37,174,199,205,130,182,45,85,186,14,59,168,7,171,153,152,98,8,76,203,60,172,198,89,1,38,17,154,155,138,34,50,165
189,41,141,64,60,174,10,197,131,98,99,167,3,161,127,62,183,148,59,146,100,147,118,76,18,105,181,32,74,23,16,192,204,114,54,87,130,86,107,208,150,39,47,37,119,111,34,136,155,184
137,72,205,191,185,44,171,21,182,197,8,39,68,106,203,87,157,47,146,73,129,95,80,151,133,201,113,170,120,100,45,53,111,37,54,46,23,74,143,81,78,125,132,130,32,207,61,206,135,34,114,10,29,85,109,93,15,175,178,2,19,134,36,63,13,108,104,115
6,206,174,119,203,105,47,40,208,79,198,82,25,155,169,129,98,195,116,145,122,69,77,92,115,32,81,133,163,10
51,81,133,167,23,182,189,64,175,204,92,33,129,119,46,95,127,120,162,142,96,174,54,116,97,48,202,177,168,32,206,3,34,110,37,190,126,161,173,75,156,88,91,63,187,198,56,148,106,101,113,11,108,151,183,67,76,30,135,66,24,130,131,157,172,89,125,90,188,57,65,109,45,103,205,112,74,104,201,93,155,70,134,181,14,159,50,10,19,62,163,137,170,42,86,26,128,150,79
69,127,135,65,119,105,138,54,15,23,82,159,67,44,96,90,16,36,136,170,5,49,191,187,66,181,176,85,108,128,3,112,2,139,8,64,155,162,39,60,205,147,144,107,190,106,174,120,183,28
198,186,187,12,122,166,185,148,161,204,1,26,34,196,5,42,141,84,153,57,76,165,23,119,39,140,160,113,145,136,151,208,81,67,175,62,125,31,201,171,96,3,115,105,95,30,200,172,18,35,14,139,209,43,92,104,6,111,85,45,88,25,71,28,89,75
162,71,89,117,15,110,56,94,7,26,209,177,100,12,181,159,80,76,84,62,168,178,205,133,31,192,147,180,195,170,98,207,175,47,152,155,118,106,22,27,72,112,131,149,119,201,167,179,127,73,186,36,154,6,101,143,3,44,28,34,19,4,148,35,1,166
95,114,87,89,177,33,134,164,70,78,68,170,76,180,147,151,26,125,133,115,202,81,143,10,60,173,208
193,105,192,86,6,2,10,122,22,24,147,152,148,187,140,23,68,83,127,121,99,126
10,199,25,24,170,34,147,138,201,191,53,102,125,197,186,31,128,52,46,134,185,6,140,117,204,14,209,47,130,166,33,109,111,180,5,188,70,40,28,2,172,43,203,148,68,207,168,86,1,149,110,122,3,135
36,83,39,166,180,150,28,76,114,132,103,68,107,111,80,136,79,87,13,183,168,21,129,63,125,194,203,119,4,53,78,148,58,15,22,152,143,105,61,130,98,126,77,173,209,161,94,195,72,10
183,206,135,175,63,26,207,133,121,15,104,198,50,52,141,139
34,196,112,124,3,167,43,209,51,106,19,77,108,13,204,41,9,162,38,4,190,138,37,50,103,58,99,35,161
54,150,202,27,57,62,103,196,32,79,101,55,51,72,164,46,160,194,70,31,37,197,127,75,193,142,69,81,176,132,87,84,83,181
174,36,112,160,186,131,206,188,66,176,1,101,16,121,42,43,144,46,111,168,167,209,191,93,87,34,208,162,58,123,116,69,62,75,149,23,40
29,97,111,74,183,143,30,180,68,120,76,207,21,118,34,48,154,41,198,87,50,6,5,83,31,39,49,128,110,24,176,15,42,19,71,178,184,1,145,84,23,197,169,147,66,58,121,199,204,131,22,144,173,209,98,152,107,114,53,150,129,65,86,189,157,90,94,202,95,8,133,160,103,40,113,36
107,9,137,156,162,113,30,160,149,186,129,43,81,133,187,49,114,67,131,95,57,150,71,178,109,198,41,102,143,174,99,25,29,134,96,167,86,1,106,127,69,34,36,199,166,10,104,203,2,5,164,112,46,103,38,208,94,19,15,64,17,27,13,24,172,171
52,183,78,100,209,21,128,176,23,190,154,202,172,121,65,177,82,163,127,114,189,59,4,165,179,35,37
53,47,171,3,148,42,2,65,25,193,208,195,156,36,125,118,103,121,52,66,190,84,180,140,83,111,199,8,168,41,160,17,67,104,196,161,105,197,126,202,59,77,35,129,106,5,141,21,86,158,49,131,15,54,117,76,187,50,165,200,116,134,188,183,16,63,205,71,78,154,124,127,132,198,14
185,48,127,206,109,153,4,45,194,179,105,177,66,88,69,182,92,65,82,201,145,76,175,9,99,39,58,83,106,97,42,133,130,131,203,103,32,111,84,53,117,114,18
185,77,21,58,120,85,24,8,181,18,99,149,127,136,96,128,142,97,1,36,22,66,76,63,38,176,193,199,118,167,188,52,206,31,12,115,154,103,187,190,17,3,122,144,139,100,116,73,13,91,173,197,98,112,80,71,147,7
118,134,188,209,8,177,114,54,98,76,99,105,33,111,69,24,97,73,156,125,46,148,132,179,1,113,63,158,106,182,88,75,25,203,124,62,91,41,197,181,28,79,89,133,90,4,57,160,164,50,13,82,146,151,59,38,94,12,204,81,172,101,155,152,157,123,136,142,178,202,180,48,168,44,192,166,26,22,55,84,43,195,184,208,37,174,191,199,3,53,141,140,126,78,163,149,36
26,11,161,57,32,20,162,167,141,163,56,198,15,97,206,94,66,125,88,181,156,133,153,134,108,199,10,189,117,176,180,23,135,67,72,195,152,164,41,187,193,172,96,74,70,105,45,103,101,68,87,81,17,120,7,89,109,30,191,203,37,36,185,140,42,192,84,27,53,175,137,179,118,204,126,149,1,121,78,124,25,48,2,38,183,196,143,92,102,144,171,85,24,9,145,46,115,62,112,90
72,49,116,96,155,118,139,104,126,158,74,177,71,64,75,86,81,109,205,176,12,85,27,119,188,171,165,154,157,122,201,191,24
121,97,198,28,183,16,124,157,93,63,101,149,81,181,103,15,141,94,116,13,155,177,108,87,99,145,160,142,107,30,25,152,102,123,146,56,35,45,109,21,8,133,162
178,60,139,174,156,34,23,127,71,33,179,76,166,196,202,68,197,134,21,78,18,121,5,43,119,55,80,82,111,47,169,6,163,91,40,52,131,9,57,106,90,86,22,101,116,206,99,81,98,133,79,190,92,160,167,11,128,39,172,193,44,32,185,54,204,105,29,130,142,194,188,209,114,13,2,165,73,26,61
179,17,72,37,175,41,92,186,52,93,161,36,69
16,99,32,81,4,162,87,62,166,168,72,181,61,186,174,176,173,111,95,104,193,75,127,30,141,40,150,101,130,183,175,164,54,55,89,90,7,39,149,207,151,15,133,167,26,189,115,52,44,58,10,21,94,77,5
156,193,102,16,81,106,42,127,39,166,27,63,26,153,192,128,34,115,90,131,137,40,97,145,13,5,20,58,123,60,148,12,169,1,130,177,17,197,146,196,161,91,80,198,171,86,51,22,194,76,136,172,151,179,159,41,77,24,36,190,98,54,184,11,85,3,89,138,68
58,4,52,198,145,195,90,120,106,41,154,64,80,81,172,123,104,130,140,76,85,27,49,79,72,68,62,57,118,122,174,38,24,94,161,173,71,74,29,45,127,150,44,26,179,203,91,14,187,153,166,9,143,60,167,129,142,132,13,107,155,197,176,171,162,77,175,103,204,190,11,2,18,110,163,5,37,178,21,193,16,78,70,159,69,3,15,100,47,206,126,28,168,125,105
91,188,193,29,159,40,90,171,140,167,15,38,119,145,104,117,78,103,25,187,156,12,133,30,194,99,50,126,149,199
68,78,128,188
78,128,130,201,34,131,122,15,184,6,126,112,157,165,205,203,92,99,107,91,65,10,26,22,186,162,7,83,71,138,37,53,177,54,175,145,88,16
12,175,98,13,46,131,16,204,102,130,109,193,139,205,182,152,177,32,113,198,201,166,25,142,122,178,129,44,181,43,56,62,135,108,155,107,103,187,176,167,137,96,116,26,11,163,5,86,36,141,151,35,128,37,40,165,68,192,77,121,94,61,14,71,83,91,72,105,125,134,67,87,45,79,111,143,69,147,88,127,24,154,82,4,184,10,162,186
137,103,82,158,195,112
66,84,71,114,11,43,8,24,168,144,127,139,21,25,206,16,164,44,6,19,93,132,28,120,183,15,195,92,41,147,148,194,32,189,51,122,5,106,141,171,9,198,191,80,161,74,116,49,115,94,85,118,12,177,101,162,3,99,166,163,197,207,96,186,143,57,117,178,190,31,175,88,4,192,135,180,53,199
88,148,150,151,186,52,65,115,193,155,5,3,48,49,101,79,180,137,191,195,128,44,21,124,119,205,80,37,117,120,181,163,208,93,123,190,108,157,77,92,161,69,61,135,55,19,97,14,166,78,209,66,118,26,106,58,72,86,168,143,83,32,98,23,34,139,60,134,174,177,207,104,42
