186,157,106,45
3,177,41,141,16,97,243,155,193,43,192,57,186,241,153,158,118,185,59,232,164,29,108,196,35,23,194,223,200,237,181,113,136,225,32,82,71,174,2,182,105,33,207,60,25,83,68,12,6,206,146,120,115,24,99,156,124,79,133,208,168,130,67,64,80,135,51,242,106,61,89,36,100,95,173,34,112,81,44,93,109,199,147,28,85
131,1,106,189,38,30,4,243,57,162,43,178,165,24,44,155,164,200,96,40
223,6,192,72,177,183,232,164,87,33,11,135,100,211,49,145,110,50,203,204,159,131,212,215,172,48
63,52,223,121,185,131,122,152,73,137,166,80,194,47,107,11,81,129,24,103,123,170,167,59,144,186,231,117,5,233,70,158,209,178,102,140,174,172,236,237,118,113,145,180,156,65,9,53,48,87,77,187,33,202,126,230,27,51,227,66,37,16,165,49,132,147,134,176,162,242,99,208,211,127,98,95,161,64
31,197,86,193,93,190,192,237,20,129,32,26,150,185,57,162,200,153,225,120,226,167,91,242,102,223,229,36,224,131,178,191,64,25,180,141,202,209,66,116,218,220,221,145,37,107,132,243,130,58
154,96,208,205,49,136,215,238,126,212,74,158,232,214,9,170,48
1,65,18,182,167,49,187,144
174,34,19,39,236,226,175,77,81,166,20,47,244,90,27,233,143,112,152,194,28,239,8,126,86,147,45,229,220,97,71,14,145,245,32,184,76,243,193,223,69,72,160,26,89,118,62,25,180,68,53,4,171,234,55,79,163,3,240,170,91,138,198,106,219,49,181,123,117,157,65,205,29,121
56,159,189,236,44,142,133,3,91,124,184,14,201,237,113
69,10,236,162,37,226,103,229,175,195,234
173,170,123,194,65,62,104,68,188,138,189,205,36,192,165,29,106,75,168,115,98,93,131,245,74,24,53,179,183,151,40,83,191,167,124,55,51,132,139,218
15,181,57,229,122,102,119,143,46,16,169,164,196,149,167,148,163,155
58,42,39,239,75,98,106,242,226,200,118,62,104,117,31,64,97,178,211,32,238,219
169,79,196,138,86,173,227,174,95,182,167,50,178,213,184,84,181,165,242,186,125,205,103,140,104,210,61,132,193,15,96,221,176,123,127,31,87,191,94,23,243,220,155,179,204,200,172,22,168,6,245,46,163,14,43,189,241,128,187,10,89,39,51,164,58,81,149,224,188,2,183,85,148,229,237,226,83,73,142,44,4,239,195,199,59,139,118,42,159,211,18
124,152,30,121,151,194,223,201,145,99,133,227,125,174,59,165,74,198,162,178,35,28,176,167,6,26,199,9,156,235,57,17,180,161,2,14,142,48,84,120,123,29,148,190,40,158,68,101,20,208,78,138,47,111,34,149
241,70,13,6,135,124,41,75,18,120,201
35,76,116,15,78,161,45,66,94,176,163,239,210,62,218,1,61,49,240,188,238,180,167,227,113,88,71,174,67,222,201,95,158,121,206,58,11,57,231,219,87,43,205,25,119,135,14,126,19,245,40,150,21,129,131,125,153,185,34,90,144,65,189
239,191,86,197,62,81,147,142,45,206,134,235,212,113,125,66,5,11,179,92,120,219,233,35,48,18,33,7,78,245,74,63,32,13,87,43,199,67,174,189,172,141,98,127,42,38,88,64
50,151,14,87,36,116,153,245
74,13,245,72,78,91,35,25,227,200,110,153,2,19,199,11,116,79,130,98,17,90,177,37,172,238,105,146,240,159,221,131,6,54,189,142,184,152,86,7,230,202,208,139,67,33,236,193,15,112,41,135,150,34,167,5,50,51,85,100,201,39,180,178,147,58,234,26,244,61,12,134,239,36,115,211,49,187
41,91,2,42,122,211
232,201,59,109,30,48,1,235,167,139,153,179,6,37,65,236,156,223,29,214,8,100,21,219,120,105,238,199,155,69,166,108,206,94,93,145,193,227,55,212,95,80,11,135,165,134,31,47,18,205,172,86,34,159,119,9,150,129,189,229,233,102,130,191,56,149,242,160,2,183,171,44,22,121,74,97,143,136,152,5,188,33,71,35,157,88,164,78,115,106,15,13,226,182,42,140,245,138,4,148
73,114,91,183,105,31,106,211,71,228,245,82,235,157,87,51,150,244,48,184,22,18,199,27,238,179,206,230,32,118,217,62,243,69,50,72,164,37,201,215,198,98,146,149,214,47,171,186,155,40,142,229,96,124,4,49,7,64,233,180,58,160,116,54,172,25,208,26,127,6,80,189,94
94,186,103,16,145,153,50,82,31,130,123,20,105,68,172,127,235,175,230,210,209,128,76,179,74,36,98,122,142,148,75,5,42,21,121,91,100,48,203,117,245,25,149,34,174,202,157,160,138,196,242,156,201,126,234,224,33,70,60,222,38,141,108,67,63,87,135,97,191,212,173,163,217,41,35,10
216,74,212,123,192,185,10,32,187,49,115,181,147,138,28,237,33,219,224,50,110,4,48,210,84,206,132,232,229,5,157,37,87,100,156,116,140,80,124,107,77,170,56,36,118,92,214,168,167,78,218,81,88,136,142,21,179,160,197,41,68,126,23,188,194,201,195,161,53,166,94,227,131,144,114,174,143,119,72,106
109,118,131,85,225,178,6,39,116,117,144,136,137,49,22,235,107,240,120,25,207,88,50,34,42,147,105,153,35,221,222,238,10,100,130,184,165,106,79,67,9,227,92,183,217,76,124,24,58,224,48,129,149,223,2,27,1,139,216,132,200,237,181,138,77,180,202,152,169,66,128,63,75,16,86,191,26,70,15,102,29,95,30,190,68,31
153,84,122,23,189,162,114,143,38,105,160,224,220,167,126,111,21,127,3,207,164,210,29,145,241,159,184,24,27,6,57,138,37,161,20,75,157,131,172,72,183,50,204,156,63,113,137,147,144,196,223,135,215,77,58,30,7,191
1,122,237,104,15,204,52,125,60,181,22,120,2,178,103,190,208,4,38,82,171,209,224,206,119,117,62,48,216,130,76,176,136,151,113,192,217,100,87,7,160,200,85,193,72,56,108,188,24,10,33,97,127,88,205,28,84,163,53,199,203,240,175,91,225,214,30,16,27,124,39,215,187,32,131,134,57,185,167,93,194,50,70,118,9,44,83,20,45,11,182,110,109,123
24,202,187,198,15,16,230,226,236,111,140,29,103,53,74,124,182,170,44,117,93,9,207,211,238,141,59,216,109,197,101,232,91,148,88,5,108,210,104,137,42,181,175,161,143,168,20,52,21,235,150,85,27,47,203,186,165,86,77,189,72,55,223,195,39,139,192,179,122,151,80,31,92,10,32,240,219,71,218,40,128,33,200
207,97,176,186,24,32,2,1,36,206,147,174,85,18,5,39,26,181,200,11,231,146,55,76,49,129
22,163,239,177,25,116,56,225,130,238,8,126,59,123,61,213,222,144,99,40,139,58,243,208,52,223,196,145,14,184,231,68,173,35,159,10,167,41,148
43,228,114,33,38,141,196,76,175,65,158,9
62,35,182,82,9,59,11,157,61,221,185,155,43,78,136,51,56,92,179,148,89,145,163,219,207,47,96,57,29,45,215,115,142,27,22,156,226,234,4,16,28,10,40,118,228,143,160,46,201,99,1,100,212,240,206,188,195,71,31,44,117,147,32,60,97,88,152,112,55,222,134,229,85,217,135,101,36,161,164
122,210,64,84,53,220,7,60,85,96,132,201,142,162,130,167,183,199,141,55,74,143,206,211,8,244,222,230,16,171,13,32,34,156,205,45,236,25,184,242,1,170,22,51,66,98,62,190,140,23,28,214,109,113,33,12,177,41,203,101,92,161,126,221,70,120,99,208,217,189,209,198,42,48,202,224,106,195,196,164,168,225,229,187,100,133,61,110,90,178,105,38,239,137,144,57,186
110,102,101,211,131,136,69,243,75,244,33,138,213,217,111,122,148,28,218
152,229,24,236,126,204,241,159,32,18,30,26,155,175,71,51,154,98,110
132,18,7,153,224,76,111,177,110,98
107,113,72,221,193
149,152,145,164,150,85,168,188,119,156,42,97,8,95,186,115,213,157,230,112,198,2,120,143,210,126,64,107,90,24,55,20,15,205,104,65,29,212,154,159,121,59,48,45,72,80,173,215,61,161,242,33,16,84,51,32,177,190,195,118,100,5,197,39,166,73,27,137,221,176,37,167,162,122,34,218,46,108,179,67,35,91,28,206,114,23,146,79,224,189
202,29,241,204,54,130,89,86,236,206,189,126,69,151,159,15,117,41,3,105,113,14,110,2,51,220,203,214,120,134,20,95,19,44,243,129,31,205,231,5,161,230,33,171,7,237,207,216,27,143,150,10,57,224,183,156,26,185,35,65,108,50,37,212,81,71,17,128,49,164,172
132,212,202,220,54,217,195,226,208,201,189,187,163,114,110,89,20,243,183,236,92,155,97,118,61,129,107,216,22,210,14,69,98,60,21,234,128,169,221,36,167,207,227,88,2,115,228,68,235,168,66,75,233,152,134,144,125,184,37,42
136,76,237,4,167,153,34,177,2,49,38,81,3,185,213,231,160,13,132,174,191,209,73,166,183,148,40,20,9,107,58,188,69,6,149,226,206,232,57,113,137,208,120,210,152,7,5,227,50,218,85,125,56,80,105,128,127,51
107,25,236,119,201,1,124,112,44,130,88,193,218,166,160,196,226,84,40,12,110,221,41,215,37,72,140,151,115,176,93,142,238,97,23,170,183,9,177,86,58,65,233,228,224,20,171,214,60,245,159,167,118,234,237,95,205,131,161,116,24,26,61,27,14,98,203,133,39,75,195,111,175,149,180,190,104,49,217,16,227
43,64,48,58,180,185,214,83,168,131,222,243,208,233,126,191,203,6,29,25,228,78,193,118,164,111,132,36,141,19,57,84,46,196,140,119,161,134,112,113,177
41,5,39,222,186,18,124,155,176,67,159,7,64,47,208,165,115,177,198,182,180,12,24,215,54,90,16,102,241,79,13,174,92,83,128,15,154,193,98,99,1,62,111,234,60,122,46,130,141,137,194,189,238,65,157,93
6,108,142,27,226,14,78,216,192,99,157,119,135,210,168,60,70,237,113,38,66,81,22,129,141,243,44,117,126,187,215,158,58,127,193,74,166,32,42,150,145,225,229,245,104,82,41,183,148,132,144,71,89,232,179,153,230,48,3,236,2,171,77,109,188,160,161,118,115,214,29,79,13,182,61,156,174,124,235,191,221,219,54,240,72,233,34,18,206,223,11,110,224,24,228,213
220,230,105,101,52,160,103,59
124,67,16,27,162,108,117,30,145,73,59,101,22,63,218,87,94,113,167,15,3,126,232,188,74,93,70,136,12,193,89,68,115,243,168,86,72,13,64,236,57,54,42,1,131,184,211,217,18,212,43,62,33,90,200,118,156,31,21,134,28,197,199,233,153,227,110,122,158,241,125,150,20,39,60,107,56,32,48,239
85,62,12,208,28,8,96,192,70,104,11,244,128,141,37,79,10,154,211,118,67,160,107,242,225,174,22,75,187,83,55,59,30,13,123,20,189,81,25,137,159,119,84,172,95,146,190,23,151,204,108,188,129,66,15,44,193,152,94,27,162,34,105,131,238,195,69,72,216,64,45,43,125,194,149,88,39,140,90,99,197,157,76,185,87,163,21,40,227,183,100,36,74,178,29,58,231,51
