288,467,320,411,443,78,165,439,380,134,314,485,46,455,293,296,423,393,473,117,100,274,83,67,230,480,255,172,131,496,430,92,379,135,470,227,362,359,204,31,145,77,412,36,8,20,12,345,291,456,240,148,270,238,434,218,253,55,1,301,221,471,51,60,383,394,388,82,476,374,335,27,298,102,189,45,93,312,164,382,250,188,24
177,86,147,235,434,464,419,493,209,167,432,398,9,336,91,194,465,271,371,471,245,246,13,437,128,490,2,438,479,382,223,423,44,487,240,55,348,460,39,219,396,112,58,482,228,370,38,165,182,322,379,211,148,391,366,1,206
478,425,129,373,289,91,112,102,55,440,202,128,219,445,469,13,459,303,416,402,485,195,420,25,411,67,335,204,199,123,106,124,52,99,161,430,474,105,4,151,136,135,251,320,442,490,378,426,369,57,327,30,272,34,431,54,65,370,146,342,319,400,447,338,111,191,70,39,285,64,311,98,475
321,25,384,128,499,341,395,500,220,78,291,450,445,324,360,266,12,335,458,295,36,74,97,155,309,473,121,51,265,386,115,125,161,183,299,188,17,126,313,98,444,229,404,92,210,327,486,207,236,45,378,179,93,165,419,175,409,370,398,466,417,273,377,4,150,177,1,169
115,470,293,2,250,105,159,52,397,421,106,133,116,253,402,269,14,178,138,244,150,336,56,229,437,91,364,337,406,42,419,84,425,151,27,129,448,11,71,139,204,456,64,298,273,5,411,275,327,412,278,74,126,267,322,233,157,72,428,58,200,123,373,166
51,195,225,227,133,403,374,39,91,111,344
228,169,372,314,178,154,212,295,299,29,257,81,304,308,45,390,312,147,301,336,247,199,499,404,362,427,465,216,469,361,27
365,342,276,254,399,72,374,214,285,48,245,8,33,124,467,109,157,42,90,262,488,495,487,257,383,239,225,321,402,238,73,98,171,244,405,435,18,271,418,81,21,334,442,423,275,330,444,51,240,437,470,324,307
356,85
445,106,257,349,16,282,153,495,81,451,497,197,447,202,477,162,483,10,271,84,67,406,139,214,164,7,138,23,98,266,263,22,478,94,368,97,236,404,262,440,410,170,141,125,230,433,268,12,310,232,184,229,403,189,129,182,411,287,300,352
367,102,84,460,304,346,403,260,410,174,272,151,99,129,356,27,338,109,317,289,490,259,495,277,313,373,112,24,411,377,458,462,425,398,231,482,451,135,142,148,264,66,285,128,275,327,19,471,120,177,114,469,139,445,446,370,154,328,383,483,281,372,97,473,166,196,348,375
415,98,416,442,117,245,216,339,133,119,419,125,18,323,47,28,155,325,439,193,57,414,192,48,460,496,231,348,480,89,75,182,463,248,333,158,474,56,71,291,402,135,406,412,187,212,99,313,209,327,199,273,292,494,470,305,383,226,246,207,238,52,15,420,396,112,54,326,359,264,357,467,106,407,184,94,451,409,170
351,259,254,124,56,97,412,256,60,460,491,90,114,483,292,125
209,40,160,452,363,377,455,302,379,488,330,497,176,319,233
382,102,48,57,306,67,92,460,266,160,58,98,493,335,241,344,147,312,29,303,294,22,125,336,34,112
288,417,199,326,256,338,1,224,157,206,108,397,254,82,389,182,38,21,58,156,49,319,386,429,113,448,424,306,272,62,280,71,52,118,159,59,251,149,291
2,252,349,389,456,214,140,424,163,335,497,66,348,150,11,146,283,339,239,51,24,45,69,115,396,265,337,301,382,312,34,50,35,470,284,207,378,109,319,175,53,145,137,98,168,347,219,1,287
286,124,464,448,177,13,360,58,466,223,266,298,140,435,16,122,319,462,248,310,422,238,436,391,376,149,74,86,456,5,470,304,231,105,38,97,291,475,243,390,392,118,335,316,297,265,8,206,164,12,28,299,110,312,336,247,7,347,461,25,496,128,233,275,399,162,43,67,9,75,432,237,375,185,235,98,366,485,52,14,215,135,131,403,31,363,165,332,133,183,311,337,84,219
127,432,380,167,330,308,430,229,332,161,92,188,278,408,369,341,96,40,467,52,66,356,156,364,477,377,22,183,89,168,493,343,327,320,409,457,238,187,103,18,88,484,47,140,201,116,254,334,389,468,128,76,439,328,5,479,247,170,451,29,483,28,392,471,123,291,458
293,152,358,129,432,311,269,264,380,290,21,113,324,398,125,188,265,243,417
179,422,450,482,38,66,217,289,445,67,420,118,405,463,394,373,196,360,47,469,180,133,57,352,395,128,58,452,477,479,464,222,345,311,313,494,381,178,446,46,318,21,389
431,314,468,313,198,339,322
84,492,359,252,339,298,388,238,170,330,127,279,393,360,65,34,348,39,271,129
399,383,371,180,35,324,42,163,37,436,80,20,18,73,439,402,179,303,352,69,167,387,498,321,117,269,451,2,126,317,384,414,114,479,401,500,4,116,353,110,397,58,156,286,218,228,358,90,236,474,227,155,323,63,206,182,208,494,92,449,330,248,363,148,75,30,98,247,85,6,262,12,308,267,65,255,219,336,144,56,127,240,3,183,194,253,472,168,32,411,394,48,334,446,491,143,238,322,86
272,96,248,285,357,59,182,11,112,33,158,72,408,222,325,78,84,455,269,178,374,256,129,208,75,54,130,179,27,15,231,105,334,61,18,210,128,12,492,90,335,322,117,291,26,73,444,293,306,343,410,489,282,356,240,251,81,499,386,373,307,346,165,138,315,376,87,495,115,348,442,310,188
380,350,28,194,191,396,270,200,180,329,491,220,362,157,343,24,90,148,335,265,147,383,109,49,250,196,338,314,214,6,454,107,184,242,333,371,83,355,446,381,490,21,221,316,117,185,418,51,312,9,61,399,400,34,361,460,3,92,252,47,438,95,26,423,466,285,172,346,198,268,275,470,29,436,229,364
108,402,322,394,221,407,434,327,340,440,85,471,304,79,378,182,87,162,194,448,35,72,18,139,41,355,496,308,484,43,158,391,105,408,364,423,25,196,134,29,250,186,330,17,157,13,350,253,465,215,165,298,19,343
320,340,120,165,409
128,317,56,166,382,413,255,135,274,491,31,477
431,444,183,325,101,93,76,400,282,169,168,29,387,345,355,370,365,129,267,368,143,465,106,463,419,268,31,369,172,402,256,9,303,189,77,361,249,478,259,421,87,146,446,333,59,353,82,328,118,398,79,262,88,261,331,8,454,391,240,54,115,133,201,292,417,416,39,158,156,232,251,213,211,469,19,131,468,487
351,146,246,444,91,20,365,245,262,74,419,482,418,186,142,331,406,283,393,24,322,129,217,1,439,430,435,486,39,458,467,72,422,409,346,68,175,180,396,377,239,282,253,293,50,321,205,465,308,66,456,384,265,250,120,198,209,162,117,238,35,55,43,216,97,314,310,305,59,214,106,361,440,144,71
277,428,384,434,395,163,363,297,269,244,406,313,412,362,301,213,173,15,212
366,361,201,181,102,113,7,8,31,81,5,486,356,292,249,233,298,160,455,175,285,211,432,377,79,199,300,428,391,115,297,41,384,463,468,213,126,422,103,387
459,10,435,351,21,243,210,64,1,258,443,170,315,94,20,120,499,307,272,290,344,325,109,30,81,452,8,274,224,426,77,382,248,122,204,279,496,12,286,283,421,60,255,153,29,250,343,218,53,6,251,216,234,151,476,88,392,417,449,149,448,148,32,14,360,146,150,367,420,168,380,240,2,203,493,180,245,40,71,58,474,110,445,33,340,79,398,498,73,41,215,115,439,152,389,432,477,436,132
219,490,471,311,463,218,102,461,302,231,215,43,113,321,115,66,15,460,203,14,5,309,426,410,94,388,289,249,378,453,390,482,198,2,323,285,373,107,314,112,368,479,488,394,164,185,230,336,269,411,214,87,417,421,380,474,291,237,24,288,256,47,169,193,138,29,328,433,108,71,12,22,301,274,126
92,469,362,356,287,76,146,254,53,222,379,220,242,234,285,349,412,192,467,72,331,286,350,278,342,474,176,394,399,215,45,135,60,371,218,143,357,494,86,277,117,422
421,298,241,491,455,205,211,231,33,478,432,386,80,131,153,479,239,9,411,25,310,251,29,447,191,428,109,237,137,275,444,247,179,257,333,442,212,290,143,337,459,63,22,292,218,197,372,481,371,101,464,304,490,454,395,360,314,20,180,217,366,168,246,98,353,232,47,321,393,83,288,86,465,404,487,52
337,89,322,32,464,351,443,234,27,125,13,30,134,168,174,107,410,235,175,218,387,248,81,199,51,386,313,217,201,46,448,12,142,267,442,306,256,230,171,482,105,48,61,143,211,113,7,348,88,37,452,419,307,42,69,485,262,428,208,197,455,65,55,223,245,54,372,23,368,450
411,35,405,175,242,7,392,441,359,208,178,465,494,420,107,54,462,2,308,290,240,397,331,6,87,356,487,448,263,475,163,231,15,223,24,450,459,124,382,277,348,64,156,180,114,296,344,350,463,418,8,83,125,33,71,44,481
246,484,4,401,491,408,144,388,298,197,131,35,155,327,70,398,159,336,239,11,285,311,307,176,91,483,222,126,140
432,126,418,111,169,221,28,191,339,235,91,148,170,122,14,15,17,212,425,331,327,308,20,466,475,324,231,394,202,286,125,297,68,421,304,390,322,218,268,137,48,35,206,456,500,414,423,192,43,203,440,242,279,384,491,306,318,280,146,257,433,164,283,361,116,190,61,222,270,92,228,29,225,248,445,6,412,480,337,96,417,309,484,408,133,454,56,139,474,389,255,51,451,332,282,253,273,44
407,241,129,487,422,41,370,148,339,340,474,358,126,449,459,242,224,221,460,368,67,154,96,462,32,275,318,150,469,499,278,376,260,42,198,287,314,93,477,429,292,379,246,179,39,354,303,52,497,385,234,324,361,199,64,290,271,79,427,228,89,404,29,169,402,359,365,135,297,245,194,411,360,9,430,152,312,34,261,105,232,36,484,102,58,479,342,240,280
245,479,273,418,470,386,1,75,190,422,283,494,428,247,214,154,224,361,460,148,111,244,291,274,314,74,258,484,4,217,219,364,483,254,151,85,168,92,430,363,362,434,320,375,272,324,358,419,136,426,99,316,226,192,152,8,50,416
357,209,179,390,162,164,178,233,428,401,311,281,49,282,182,221,81,470,483,348,439,287,395,117,266,238,330,418,34,136,114,362
420,353,198,300,314,457,227,133,210,372,424,104,344,43,207,352,365,500,383,366,32,448,106,233,179,456,99,431,145,451,417,256,116,184,413,200
348,57,361,129,86,403,116,415,103,277,13,92,384,270,331,377,51,118,156,343,330,127,392,344,346,216,108
241,452,185,102,489,440,316,402,456,360,52,493,58,118,265,50,416,315,42,301,367,18,112,88,444,159,90,415,163,308,422,216,61,284,15,144,149,1,279,146,289,206,356,337,113,338,25,151,63,379,473,3,49,255,178,443,213,78,134,110,328,23,459,470,71,231,24,2
119,26,297,24,182,217,357,236,181,440,191,412,73,361,123,59,110,389,400,355,148,17,299,165,131,122,109,340,292,311,220,295,75,57,108,178,107
321,411,280,149,75,214,359,135,322,299,213,491,279,76,483,369,275,457,417,323,102,48,339,443,118,317,33,478,397,395,42,13,368,181,410,51,302,10,146,264,223,68,244,215,93,495,400,465,274,232,126,234,66,246,270,235,319,30,391,43
228,234,270,116,202,149,462,357,109,253,261,393,415,181,230,390,346,399,130,47,185,31,398,274,6,426,224,242,77,355,441,89,39,465,11,107,101,80,60,370,475,290,100,257,354,252,67,239,81,407,373,69,78,266,193,176,364,194,331,271,235,9,321,402,330,283,206,247,214,38,146,279,222,254,421,88,265,267,437,148,309,54,112,76,329,74,161,297,216,41,90,48,248,174,61
427,369,416,46,185,486,1,438,245,404,170,340,39,27,490,465,222,261,68,498,328,104,259,360,289,38,154,451,349,77,198,482,145,228,163,313,272,189,8,62,100,481,455,196,139,357,17,2,284,355,418,497,232,37,56,148,80,422,337,87,242,493,478,115,415,407,172,221,52,473,420,456,439,426,101,341,247,388,275,470,402,81,378,76,152,249,156,374,4,377,306,431,315,483,277
138,425,361,406,298,51,497,251,148,478,426,385,469,10,403,441,226,396,57,40,233,271,249,219,434,295,62,58,24,133,290,485,428,9,307,405,124,123,80,321,258,95,300,352,127,160,65,53,414,357,1,423,297,367,213,246,227,27,188
462,175,347,54,243,42,33,326,395,430,334,27,488,57,241,7,472,268,200,397,28,23,353,192,403,355,308,199,449,492,225,125,307,207,98,484,118,443,99,480,359,426,468,485,402,183,302,328,132,499,354,278,68,116,232,236,306,298,17,4,259,493,80,221,95,289,370,97,154,37,343,143,111,184,58,466,446
352,388,199,338,386,250,244,32,31,89,485,82,336,92,106,154,198,133,260,71,73,253,159,175,178,272
168,402,432,461,443,309,155,215,187,492,261,234,123,30,98,17,176,127,467,439,385,318,177,1,376,48,440,160,314,90,303,201,480,235,126,414,401,175,159,403,218,378,104,54,266,65,304,219,76,110,495,308,500,167,340,136,193,241,150,251,301,473,47,18,178,427,397,478,479,228,462,50,453,179,68
212,476,359,121,400,140,21,200,460,73,55,298,355,81,391,105,442,29,199,300,193,351,235,113,48,252,39,388,2,364,479,251,34,430,308,130,189,446,241,108,76,237,159,82,416,293,338,195,166,394,406,96,53,135,345,160,9,346,238,168,17,249,240,288,352,273,176,354,184,145,197,227,422,474,368,60,177,405,393,337,436,114,451,208,90,366,414,407,435,54,483
276,480,129,155,7,174,438,384,349,474,167,479,97,176,140,386,441,494,256,324,381,489,257,243,95,13,445,191,493,231,268,352,495,419,44,3,306,299,435,396,314,253,375,292,301,16,72,70,96,47,236,330,254,81,295,102,453,199,1,394,179,126,377,216,117,94,393,417,178,269,6,51,104,318,500,75,434,210,285,473
366,385,28,262,160,422,62,438,407,108,25,483,353,411,102,90,242,76,436,485,120,245,57,381,337,392,239,80,231,125,290,29,103,331,213,134,13,143,408,67,265,159,341,292,61,202,466,250,376,39,257,273,298,99,147,345,437,356,497,132,434,487,456,184,301,210,494,343,361,399,364
171,366,356,189,22,251,186,1,84,436,207,485,462,492
370,478,88,369,294,263,343,151,105,152,280,450,66,396,102,473,200,134,334,124,69,1,457,178,148,12,444,379,414,150,367,92,400,443,187,251,171,68,462,158,166,239,128,275,168,267,154,463,409,430
243,346,314,203,290,336,254,189,105,29,180,260,269,205,156,211,477,42,68,117,437,399,410,255,367,238,451,433,381,333,384,463,400,53,45,202,20,267,382,391,317,100,499,165,353,341,3,287,10,178,444,320,406
302,71,254,86,419,280,396,319,404,486,76,391,244,65,124,361,334,307,482,198,343,236,164,123,146,372,125,428,311
406,104,30,145,278,189,338,394,415,331,452,384,36,388,208,489,186,111,387,399,72,182,318,258,42,425
325,490,216,251,213,173,200,452,295,459,442,438,270,62,288,203,475,11,79,344,392,162,127,482,259,358,103,160,394,60,78,472,17,4,281,206,87,464,341,24,382,317,486,246,463,258,409,342,164,374,276,195,45,7
177,278,470,229,214,464,217,118,200,20,50,182,443,479,140,381,233,332,432,367,458,201,234,434,349,32,396,475,320,195,441,119,413,228,372,94,469,171,358,220,335,289,103,184,166,449,221
286,384,173,290,499,111,121,405,182,204,452,212,253,97,494,413,98,73,310,500,90,30,52,366,153,8,187,492,460,341,315,82,147,305,37,210,44,76,125,398,92,96,177,242,157,149,264,215,68,304,128,47,272,158,190,71,43,498,313,440,198,171,393,374,303
109,407,321,153,176,375,272,340,154,362,431,486,267,59,242,369,264,385,433,284,294,255,188,299,214,228,224,131,452,81,386,324,209,67,414,223,305,195,12,202,415,256,288,22,240,221,229,71,126,235,356,449,65,56,226,96,333,237,257,339,377,41,388,448,124,69,496,178,145,169,467,314,205,456,349
20,303,331,382,327,10,144,27,344,333,480,334,384
440,12,169,399,98,411,492,47,297,476,44,134,145,291,155,78,447,144,197,39,464,393,249,103,317,93,174,186,19,27,45,347,133,306,419,60,181,273,38,21,333,326,81,234,76,218,65,94,248,35,363,430,369,488,14,229,123,77,135,150,404,104,432,55,259,33,184,107,322,187,82,409,216,141,167,319,90,151,459,108,84,283,398
497,2,305,169,201,173,483,258,404,352,110,403,268,316,500,332,266,239,238,488,40,39,473,33,46,335,210,256,185
229,16,155,77,370,213,10,494,475,187,248,395,379,139,118,474,125,329,193,331,191,32,304,431,108,199,113,377,237,99,116,322,173,235,190,469,308,447,89,48,259,388,495,327,29,492,101,283,476,17,166,136,239,463,204,158,55,80,245,333,393,230,458,24,197,448,449,37,359,405,383,423,119,325,338,311,221,381,151,26,402,47
443,467,318,109,474,429,88
418,460,409,467,181,490,120,229,277,353,185,480,228,318,386,264,458,384,144,352,342,291,6,115,391,309,323,148,332,382,285,416,459,344,21,173,392,396,256,248,360
368,102,18,316,146,184,67,231,477,294,156,238,431,232,84,301,137,26,319,366,299,265,148,127,2,273,354,63,215,52,245,458,268,497,337,399,346,151,473,471,112,289,73,153,467,453,384,460,281,409,83,480,9
488,90,367,450,66,295,193,315,205,69,129,400,161,36,204,5,419,48
155,489,396,225,493,226,121,174,10,213,97,151,119,471,15,412,287,233
366,470,113,422,82,138,252,257,226,408,478,289,35,489,197,306,196,130,486,318,246,175,141,500,135,311,433,300,119,443,37,389,33,407,428,334,472,435,188
357,114,191,417,137,335,464,46,382,141,336,413,115,108,393,488,169,453,34,83,218,199,333,477,35,116,346,428,189,166,367,397,276,486,348,391,446,256,177,61,204,143,288,183,264,226,38,307,44,165,362,178,438,295,117,403,270,429,3,308,15,160,293,175,439,441,105,66,5,356,173,300,383,255,41,327,306,434,27,80,480,449,151,98,400,355,102,40,130,14,67
372,120,434,123,331,197,263,468,482,296,451,51,93,163,421,276,168,49,478,472,282,316,227,362,450,500,25
35,79,278,253,463,185,428,466,43,301,231,2,438,88,469,369,362,68,452,488,366,409,245,140,290,300,6,10,104,255,243,364,313,72,18,363,24,144,134,482,403,271,209,440,431,462,214,40,356,17,276,102,460,457,193,328,76,84,384,295,64,93,9,173,3,461,377,7,149,481,46,304,338,455,382,470,401,359,490,475,125
20,492,438,34,97,464,256,451,400,488,413,346,342,295,136,3,284,146,253,67,282,272,41,471,128,246,116,480
201,372
410,331,27,313,72,297,195,440,422,353,26,474,443,14,433,377,463,120,6,363,180,18,91,286,436,161,348,75,23,376,345,174,198,99,325,431,272,268,249,448,423,352,264,186,213,147,289,131
12,498,306,249,309,115,400,454,33,81,171,134,13,463,260,196,492,261,381,338,222,320,214,29,41,108,270,63,287,248,137,496,114,96,334,94,102,336,215,245,180,457,259,487,284,233,30,451,146,484,294,141,50,353,408,327,28,8,450,88,475,61,144,89,460,282,147,264,372,132,273,43,125,499,90,150,40,87,277,409,142,471,303,198,442
469,75,385,450,216,440,459,209,5,431,378,471,224,190,265,371,212,426,405,213,138,273,44,241,218,292,352,412,15,369,67,226,338,223,443,111,428,187,150,259,337,100,86,335,411,437,74,409,30,34,330,55,281,386,336,295,364,252,61,237,439
128,329,108,87,266,267,337,32,254,348,33,345,277,296,366,477,13,95,374,155,457
472,19,393,369,199,439,156,43,278,169,487,431,449,354,57,214,475,305,326,270,383,125,359,438,27,168,122,205,11,257,421,137,251,114,386,350,45,310,267,377,467,313,242,194,473,204,499,222,37,389,58
437,181,12,36,430,140,257,106,40,356,491,129,169,334,308,113,16,150,76,74,234,306,212,325,489,373,421,35,361,86,409,419,444,326,420,172,96,72,337,255,307,101,93
181,493,411,215,381,231,420,347,81,380,104,240,29,367,209,147,464,489,498,494,399,95,90,156,94,37,42,50,319,154,216,296,234,83,382,262,469,299,175,404,305,283,217,311,361,105,396,98,315,436,421,500,237,248,418,224,354,438,290
469,428,308,100,165,258,445,26,240,139,487,354,457,316,203,124,453,299,149,189,474,155,99,292,434,362,56,476,120,108,369,65,95,416,122,328,35,336,50,332,335,91,167,459,269,209,13,191,396,223,228,485,18,333,153
285,354,55,265,28,352,158,70,379,373,319,365,233,130,13,65,479,267,84,36,106,82,244,398,472,151,33,417,207,415,25
227,263,224,280,174,359,289,78,340,491,370,147,421,475,500,396
161,37,351,91,469,422,447,258,475,47,92,245,244,275,25,169,211,163,29,412,418,484,221,389,336,149,20,435,362,252,410,488,251,397,144,400,18,257,450,366,286,346,430,19,352,55,281,386,240,437,243,438,33,452,28,5,349,302,274,268,419,339,280
33,109,162,164,459,127,432,48,498,195,272,84,5,423,431,480,333,444,471,328,382,335,229,206,455,66
67,245,156,149,362,152,257,30,411,231,65,383,367,16,113,138,137,385,114,303,440,291,454,319,218,227,6,262,426,112,472,226,266,82,378,256,285,12,130,497,35,270,358,73,15,352,27,441,365,299,406,444,126,420,221,20,41,308,306,200,251,23,301,102,100,376,307,238,289,485,480,339,124,167,478,44,230,56,316,405,460,63,323,213,280
460,342,317,79,228
171,181,108,192,411,435,377,278,498,486,383,414,376,194,87,105,447,254,177,397,84,139,39,34,151,431,444,246,424,295,25,307,308,29,180,185,346,21,220,208,378,132,150,111,229,337,119,149,77,44,314,453,407,437,264,190,236,7,165,164,252,115,18,404,23,193,270,205,235,146,237,438,461,19,248,269,366
242,21,431,381,475,364,178,481,467,437,290,308,53,386,272,483,340,372,312,57,464,222,187,232,348,297,371,245,455,282,126,188,484,456,59,349,202,155,325,247,444,341,404,243,240,111,436,428,365,220,43,106,281,18,19,354,15,67,114,415,334,216,489,403,339,460,213,156,65,6,283,457,256,85,48,298
119,91,336,104,485,456,258,434,57,192,152,356,369,101,137,338,469,270,9,375,100
3,59,48,86,417,33,492,243,2,28,232,46,381,445,483,464,346,448,330,112,336,223,175,301
403,409,439,88,33,480,29,80,390,371,239,493,147,281,405,15,113,392,92,21,259,491,45,62,345,356
69,257,456,140,347,32,316,469,73,319,305,408,350,51,18,445,340,440,373,184,163,85,253,38,79,29,175,274,122,470,392,24,465,431,321,37,250,237,19,239,20,138,63,196,60,259,246,118,124,472,442,100,355,230,393,459,188,9,336,329,375,474,240,160,209,484,280,42,323,441,43,120,485,453,74,432,255,214,174,241,215,44,494,309,354,356,205,263,121,294
24,131,402,370,172,2,87,420,313,215,379,409,204,396,21,249,68,237,419,192,365,328,64,492,216,99,296,356,383,372,52,458,156,463,486,205,490,293,147,235,165,465,273,431,120,337,388,145,270,20,60,256,308,407,439,100,112,37,201
146,48,246,86,124,345,380,153,335,330,421,295,254,367,57,187,46,446,56,160,296,314,228,133,208,130,338,138,491,248,112,85,89,474,19,476,262,216,354,426,431,465,253,311,139,179,441,37,492,443,322,418,50,202,351,453,280,102,452,273
20,420,150,287,176,459
31,494,386,163,124,356,455,199,335,1,328,21,157,161,285,329,158,55,388,376,251,203,234,149,295,103,487,419,122,256,238,229,14,107,114,7,59,228,457,374,67,139,445,392,450,230,443,181,248,265,217,307,44,200,85
382,235,112,150,152,63,454,93,16,495,31,174,137,287,42,223,274,34,296,443,135,321,252,473,184,304,94,177,371,409,343,324,144,21,491,277,449,211,452,170,125,155,172
299,420,370,457,269,54,76,86,81,203,117,391,429,426,433,109,349,143,285,467,26,184,458,159,320,283,179,360,455,132,337,273,477,149,137,222,238,16,311,232,144,122,382,223,186,114,210,258,198,80,68,490
40,191,399,359,335,79,314,5,250,378,337,413,401,2,260,127,251,418,360,224,444,25,402,12,80,240,104,253,188,442,11,120,434,451,394,85,392,43,106,397
410,23,262,219,252,59,418,158,27,322,208,33,21,31,392,495,6,28,263,280,485,156,149,102,428,376,63,398,421,497,66,283,67,73,100,35,453,399,150,174,92,77,390,109,468,442,346,244,301,469,325,169,205,441,209,88,466,256,449,420,359,123,386,144,331,127
290,112,135,246,69,277,111,366,307,15,39,444,494,5,221,395,288,285,124,405,96,225,466,34,239,284,83,431,429,368,192
97,440,332,343,463,323,414,464,451,448,62,249,470,291,302,384,492,35,439,101,198,234,60,441,54,305,280,258,297,10,84,68,398,59,66,207,344,303,462,269,160,338,40,292,324,387,285,247,485,358,141,80,469,375,168,3,51,120,138,94,240,318,342,123,266,191,452,171,278,257,353,190,381,382,474,127,408,415,132,245,9
76,204,70,242,22,295,409,405,345,375,81,148,249,69,471,344,372,33,250,56,346,213,144,399,49,317,466,93,231,259,218,176,185,286,27,256,454,167,416,205,3,128,39,365,97,147,50,292,74,18,322,274,238,145,436,117,414,207,23,492,222,335,200,358,113,149,420,284,199,340,282,175,30
324,239,12,494,386,4,416,493,484,174,122,67,96,56,213,84,86,126,274,26,394,332,115,54,18,207,303,156,355,22,437,358,34,433,149,414,220,271,224,291,343,40,496,191,375,123,365,350,170,277,201,477,45,261,175,319,490,385,192,419,464,459,276,159,361,353,118,395,61,148,267,292
308,34,389,96,10,22,478,415,72,410,281,118,162,32,139,458,328,206,425,122,383,331,315,92,407,329,128,241,447,195,269,372,15,157
256,184,324,75,298,441,7,106,59,405,74,369,469,461,398,181,365,241,237,37,429,294,316,82,41,242,199,203,85,52,235,489,25,297,93,186,258,466,339,201,217,424,366,312,207,375,63,87,457,55,458,167,171,215,80,313,173,359,98
411,322,275,232,214,383,170,217,340,293,187,107,109,216,171,226,396,218,101,223,59,405,294,77,457,87,252,169,273,298,179,379,205,219,270,60,299,428,492,222,447,225,280,90,91,10,26,62,439,452,236,67,158,40,175,68,488,433,172,17,441,472,215,235,249,269,295,199,421,190,240,143,177,364,230,188,197,224,99,266,183,25,345,210,374,304,255,128,116,362,14,65,45,300
370,100,137,392,485,463,434,363,269,114,498,490,301,437,296,493,239,445,36,129,146,90,1,48,456,259,284,481,393,262,210
462,65,278,179,411,285,262,394,475,183,70,431,402,104,49,53,215,380,250,311,231,287,166,32,230,163,365,494,331,367,449,110,489,346,335,199,316,107,181,38,490,126,41,356,266,191,4,368,414,304,164,362,22,118,16,1,194,294,27,97,117,464,425,87,344,222
365,55,301,18,111,356,158,217,148,159,423,104,147,222,249,150,382,484,36,380,142,54,212,74,34,238,297,326,75,118,180,324,124,415,476,163,162,32,125,183,39,37,231,472,144,19,398,27,130,492,374,209,401
363,405,396,11,492,383,353,4,35,208,78,471,127,452,276,458,59,448,20,75,228,424,415,185,27,16,460,246
491,198,236,347,497,306,88,39,197,317,313,342,310,430,371,264
152,97,449,341,312,2,134,51
12,339,22,362,24,286,357,488,112,374,77,291,133,219,239,423,135,193,449,106,303,119,226,117,244,344,218,165,220,499,182,43,125,305,70,178,160,28,441,422,255,166,386,419,189,327,388,132,81,150,346,282,278,464,254,281,164,78
78,24,467,388,378,340,392,191,82,355,195,33,428,337,356,451,38,145,307,204,91,369,109,303,314,431
317,172,264,196,181,22,358,206,339,96,489,335,27,297,357
221,341,181,302,224,381,56,156,231,138,45
146,17
138,349,166,444,114,309,1,284,496,65,81,381,68,210,46,63,279,415,57,45,47,499,312,208,164,188,222,106,473,342,205,174,37,213,215,189,98,111,283,10,162,75,469,190,55
43,33,30,386,251,279,420,66
409,217,447,386,52,464,478,383,419,134,454,229,62,337,148,373,202,400,37,302,11,332,273,203,408,169,168,59,431,245,298,255,456,200,324,213,284,299,103,248,105,233,472,421,260,13,352,86,366,41,243,114,191,187,432,345,453,426,23,135,3,326,107,146,422,74,120,161,188,391,127,375,14,54,9,440,184
291,92,476,169,444,308,190,173,284,205,85,64,497,437,217,49,260,42,293,90,361,254,411,287,212,244,313,198,430,385,450,335,170,324,35,67,312,246,3,292,74,360,26,167,458,93,239,115,334,400,302,208,172,494,141,218,96,296,326,207,122,376,105,13,484,46,453,263,373,469,421,77,78,372,498,114,425,103,267,282,196
58,323,342,432,497,484,89,469,213,59,357,263,39,138,373,291,154,349,470,347,211,396,71,219,55,237,109,369,200,389,450,365,199,202,205,328,162,68,207,159,247,123,96,151,142,164,268,4,64,417,37,242,224,287,195,183,475,266,486,75,300,393,215,23,398,489,155,307,367,332,467,2,221,329
351,403,310,352,459,184,177,45,12,246,5,143,235,234,268
487,169,473,20,260,441,407,69,223,268,147,113,417,475,326,45,466,27,472,453,353,226,399,449,440,125,131,94,359,347,97,481,173,329,322,52,93,413,376,160,2,373,392,216,43,168,196,132,249,192,315,406
66,192,377,396,379,19,259,230,111,369,441,381,399,409,378,451,269,39,346,397,265,465,155,57,374,179,52,64,298,195,337,20,2,278,189,318,418,96,53,44,395,402,266,58,81,432,199,452,247,283,204,50,205,342,33,480,130,412,290,126,370,125,262,97,495
492,321,446,360,169,183,353,394,487,302,251,218,473,383,295,263,442,493,192,257,222,276,181,259,45,97,437,281,453,139,332,491,55,283,390,387,208,454,162,358,40,36,262,282,379,108,5,322,365,211,359
58,298,200,240,85,183,234,36,225,157,75,319,264,404,346,160,127,372,232,136,59,237,376,397,339,334,471,470,173,292,191,302,204,415,220,81,342,304,456
360,97,79,99,19,116,270,111,443,220,320,449,82,432,329,244,260,37,214,417,153,280,44,5,497,194,245,343,84,237,134,482,88,150,234,386,238,7,159,281,21,458,235,171,323,327,471,380,492,211,182,24,462,130,94,387,202,266,306,287,353,257,378,459,89,368,191,493,478,66,36,354,409,8,86,379,448,430,64,419,397,290,225,483,120,414,389,229,470
142,194,491,83,406,467,398,215,191,384,459,413,409,275,464,101,27,468,5,138,498,11,71,161,253,319,87,456,276,283,303,455,291,417,416,177,500,405,340,22,193,447,183,308,90,53,392,212,316,452,450,223,105,175,441,247,472,311,401,153,39,224
33,482,271,252,418,302,410,327,155,64,471,23,217,92,494,169,31,119,378,95,198,228,372,226,396,400,485,30,63,365,243,421,401,53,55,244,489,307,99
155,370,55,339,367,338,374,170,306,263,316,156,487,57,100,409,383,37,264,209,265,189,423,227,166,14
127,23,122,141,182,433,298,113,500,164,417,377,317,336,468,261,39,368,489,142,106,472,19,437,60,457,89,345,256,426,353,94,490,381,467,378,332,416,169,45,241,84,465,24,432,482,430,392,10,205,175,359,221,266,470,451,385,370,96,239,459,244
380,53,215,120,98,453,214,151,430,200,48,84,37,73,446,418,316,360,371,49
345,328,142,210,181,30,336,186,175,148,401,291,285,192,266,491,393,51,229,162,213,269,397,477,134,315,297,380,268,324,330,189,473,410,258,396,434,26,279,321,406,453,150,42,439,368,494,461,130,112,275,421,270,118,220,484,298,29,190,362,69,96,384
355,64,407,475,260,496,246,273,263,375,385,38,164,204,12,272,262,219,487,39,299,489,339,335,92,347,207,444,270,1,316,202,78,32,223,473,183,439,146,456,69,218,331,149,294,136,176,9,285,187,342,66,94,301,297,86,245,195,421,196,111,141,354,384,453,29,408,312,116,53,333,74,225,404,302,461,198,63,37,455,252,72,401,423,173,419,311,264,71,19,28,227,378,156,197
469,37,19,450,492,372,383,291,202,448,476
223,5,261,478,417,205,135,8,88,483,136,273,15,218,71,99,419,327,4,191,349,268,196,20,256,68,318,391,472,240,145,158,27,195,475,321,43,204,142,6,368,138,279,243,238,433,415,59,494,193,78,118,185,12,13,289,334,316,449,281,153
218,193,275,414,479,294,170,269,169,220,34,86,6,363,492,63,427,494,142,477,383,485,466,9,54,59,264,113,263,104,357,25,392,447,87,28,489,219,49,291,40,106,267,107,116,206,453,65,207,435,270,2,428,394,239,429,127,50,298,242,141,261,421,139,254,420,285,333,100,395,478,188,221,119,417,79,130,19,457,138,448,304,134,259
123,205,43,431,206,221,468,342,108,248,194,11,328,7,155,245,420,63,318,275,242,233,83,372,450,252,176,74,67,462,447,330,65,472,292,373,148,345,316,439,187,4,301,338,452,323,53,111,255,284,160,189,86,329,45,222,440,270,409,34,133,390,118
459,406,223,422,189,297,310,68
181,81,174,264,58,26,472,12,456,353,95,146,79,457,257,15,492,330,314,114,197,194,496,40,293,28
443,87,130,368,102,385,446,330,8,467,421,370,185,394,62,300,439,348,454,274,175,152,24,252,487,202,43,390,335,188,39,34,351,469,184,158,203,268,164,174,477,270,291,445,113,40,151,495,465
130,243,231,240,208
119,83,149,480,90,479,471,47,294,405,493,357,291,247,195,419,233,437,382,260,259,439,95,346,339,231,392,75,297,56,418,185,371,15,374,365
349,390,59,278,19,137,232,336,204,327,391,398,157,246,179,279,434,78,223,498,84,299,215,454,471,291,28,419,276,318,152,387,237,121,76,363,32,284,429,489,188,40,485,211,303,142,61,261,326,226,46,292,153,64,487,208,352,25,439,21,117,89,34
32,407,186,45,488,165,133,67,24,458,104,443,351,95,383,112,176,336,149,345,258,41,253,282,78,371,301,482,2,4,8,98,107,402,295,192,168,340,473,355,226,191,470,230,219,424,87,447,246,334,354,439,377,125,200,215,174,9,280
311,306,196,325,295,219,184,296,9,358,308,209,185,337,142,417,101,480,241,387,33,15,210,263,39,316,479,183,192,119,251,116,110,186,483,473,326,2,267,289,41,53,201,212,163,13,6,190,8,83,488,336,282,402,108,70,499,368,475,64,366,57,335,182,397,378,304,36,324,229,310,287,372,491,214,334,223,271,21,114,206,468,195,105,300,71,199,492,436,179,200,407,4,62,453,457,381,472
111,217,70,452,272,498,61,385,352,363,292,157,68,112,457,230,114,402,223,32,432,96,477,206,433,3,234,497,59,1,364,120,401,58,11,325,400,153,349,40,489,287
77,370,470,445,366,154,112,89,27,453,477,481,170,55,169,334,125,104,78,119,31,464,428,357,57,461,84,214,322,120,439,159,323,153,58,205,3,144,49,485,231,454,187,145,455,206,315,82,433,94,288,28,179,90,254,212,181,81,346,52,411,341,239,200,138,440,321,218,353,261,325,2,417,305,122,349,486,271,203,8,442,91,293,95,392,110,329,303,356,382
417,21,485,142,63,302,353,419,376,277,431,94,430,287,160,19,226,270,232,49,471,200,147,224,411,385,135,236,206,8,390,97,478,306,461,495,158,288,267,101,405,299,420,223,150,220,20,243,400
6,324,144,374,467,260,471,210,215,437,246,313,479,433,339,83,299,293,181,382,120,325,431,44,406,187,157,317,103,397,410,130,101,49,249
193,416,338,2,179,483,400,106,296,492,21,499,55,355,470,71,316,304,63,22,149,107,485,480,455,392,32,262,399,37,291,79,415,166
69,410,362,291,326,165,207,330,480,40,474,33
462,402,428,398,38,114,319,300,220,385,135,144,70,364,239,438,356,40,69,249,457,369,158,449,415,98,181,134,170,298,355,316,252,44,293,331,204,19,179,332,54,47,60
437,50,356,401,453,171,421,204,413,190,457,92,100,215,433,165,467,200,64,222,296,115,448,298,149,137,32,141,98,454,65,438,52,320,387,134,394,44
458,147,411,434,495,262,489,330,454,364,22,397,91,382,161,412,498,182,393,290,102,438,368,445,432,6,475,408,302,413,215,314,463,348,175,269,448
27,314,376,288,411,248,278,328,396,341,289,212,293,200,266,290,218,369,455,375,147,485,434,179,365,78,214,43,307,192,154,304,122,23,79,232,496,428,291,467,366,324,127,168,193,190,171,302,449,322,229,107,305,364,176,269,103,112,342,326,64,498,61,111
153,129,266,254,56,343,228,373,290,410,201,71,122,378,420,248,173,469,53,299,289,111,463,495,313,24,404,265,296,483,316,25,200,142,195,76,277,5,447,388,82,241,300,412,88,306,315,497,219,226,464,39,98,43,105,176,206,303
477,447,415,270,217,244,369,281,218,71,19,222,381,74,17,189,186,175,226,45,59,263,352,148,87,23,423,140,16,162,254,443,413,268,22,46,287,431,224,269,13,56,273,336,312,402,58,487,408,428,164,313,15,303,26,395,239,430,61,300,32,289,37,233,34,498,401,183,195,464,451,497,170
68,136,192,282,213,415,24,335,329,263,227,349,231,440,370,163,30,31,424,100,246,427,66,341,245,32,236,284,498,177,58,122,151,62,182,248,411,269,241,257,499,105,133,121,78,308,206,356,191,297,479,190,275,7,470,305,358,170,485,48,441,451,264,500,36,95,435,418
269,11,306,317,217,148
221,191,97,337,281,112,159,434,405,45
404,304,158,326,392,366,391,491,212,139,73,27,17,350
324,201,181,112,291,81,66,109,49,369,129,372,394,40,495,167,173,406,462,386,482,139,142,390,155,312,145,405,32,15,310,125,207,54,392,100,260,356,391,399,64,92,194,184,196,25,187,131
449,364,311,417,293,296,143,265,350,433,105,448,474,323,159,183,130,207,21,71,418,376,272,80,438,20,471,152,338,54,146,14,122,26,391,132,89,56,266,179,216,317,82,9,485,453,285,41,295,427,226,366,301,64,30,187,309,96,61,344,410,259,223,322,76,276,302,77,499,75,236,297,154,163,129,243,84,329,36,314,339,153,205,353,230,28
404,243,123,422,8,233,450,151,255,448,249,29,496,80,428,476,106,207,215,373,421,177,184
479,228,29,410,248,369,86,451,102,355,473,87,46,158,262,99,269,108,265,104,450,7,300,37,422,319,488,41,382,415,61,500,378,51,107,208,452,296,66,163,389,379,142,198,307,413,191,318,199,397,209,232,77,40,3,73,230,342,352,428,189,420,285,373,423,159,363,253,153,348,471,129,1,236,371,205,364,292,81,25,226,212,421,336,34,164,460,133,490,321,335,456,246,165
3,400,79,82,11,299,352,276,395,90,93,353,18,459,43,430,427,267,450,133,346,130,91
272,418,121,346,190,28,250,301,146,296,143,413,8,99,391,173,294,375,487,104,19,488,249,332,21,340,404,181,82,380,493,156,264,247,245,174,459,72,286,469,395,25,284,20,399,476,27,73,6,323,256,134,394
480,375,476,384,155,86,401,458,195,463,290,72,310,341,139,389,412,376,419,450,303,261,60,404,415,187,400,121,16,477
321,326,66,406
109,194,351,25,78,455,437,136,359,471,457,39,53,84,258,56,48,19,174,262,398,102,454,361,135,340,486,5,45,283,366,2,24,492,282,393,46,373,330,274,237
305,366,204,112
460,463,234,167,177,300,123,88,163,383,106,479,136,485,133,56,152,269,179,387,419,374,258,358,338,160,495,140,461,129,409,333,372,328,27,388,198,280,404,183
404,252,320,79,43,493,211,145,82,470,276,438,447,173,99,139,52,316,59,229,44,210,75,233,109,131,378,306,382,228,266,120,251,48,188,364,304,3,172,443,370,386,226,394,457,356,89,448,221,73,377,124,317,140,199,112,486,205,489,57,343,366,162,195,170,258,98,295,227,480,313,10,297,247,442,497,245,265,427,267,32,293,420,64,6,154,182,136,401,42,355,235,482,35,346,217,135
74,213,127,23,457,100,27,485,39,227,327,449,10,136,123
119,274,239,140,281,14,36,322,182,101,251,384,219,336,171,146,45,227,441,331,343,77,136,231,452,321,85,288,215,188,484,121,310,47,488,33,448,481,39,82,295,132,293,103,75,462,212,429,494,68,433,339,454
387,269,373,407,358,299,49,301,342,44,52,181,102,170,2,72
262,46
193,385,302,427,198,266,200,380,61,251,241,301,67,439,500,162,459,321,75,38,135,434,298,462,323,407,481,112,46,23,68,263,33,289,29,469,372,303,114
432,156,193,4,290,336,119,237,450,344,288,338,153,477,263,137,90,430,358
35,104,182,249,458,499,482,410,68,193,453,412,29,256,85,357,221,216,322,378,148,4,22,258,226,331
366,214,371,175,402,111,239,384,385,174,476,223,323,307,332,348,305,363,241,427,148,100,173,351,417,359,287,485,22,240,8,358,414,312,400,444,108,44,470,308,120,309,178,126,33,157,42,496,436,297,337,497,180,9,106,153,442,69,401,181,411,451,39,251,294,395,479,462,314,169,270,230,499
176,8,78,169,118,218,83,277,128,287,274,10,344,36,366,347,185,111,430,102,478,447,351,283,124,222,352
5,361,410,249,466,415,166,61,183,85,169,251,299,321,178,454,177,470,272,344,102,191,47,228,157,199,327,414,304,260,160,301,198,48,474,42,143,49,394,358,259,357,380,451,418,375,240,20,250,268,26,35
437,150,474,44,129,99,486,207,379,445,349,366,28,337,390,88,497,396,401,45,153,64,30,328,213,482,114,326,1,250,118,496,74,459,224,297,246,441,208,434,138,335,107,364,237,70,431,414,158,225,478,424,167,155,487,203,304,443,447,406,159,186,230,2,83,29,299,10,137,104,252,394
148,249,141,204,63,133
355,136,257,428,478,344,436,174,21,320,131,289,71,321,302,199,295,429,151,228,451,337,481,234,450,3,39,391,112,350,175,107,500,51,280,63,148,154,369,119,435,249,443,153,177,137,59,346,97,447
193,482,191,30,400,213,303,354,463,392,440,136,366,115,15,429,274,259,169,294,57,379,499,182,154,395,278,362,127,358,78,230,410,360,403,102,222,87,493,100,273,104,195,324,404,449,380,7,384,28,330,297,63,242,382,121,399,135,70,82,147,27,462,197,170,239,113,129,83,118,141,18,256,228,441,497,327,90,394,481,287,253,428,445,369,307
294,196,419,492,398,414,266,187,458,240,477,76,117,389,195,228,290,391,467,374,214,368,217,331,107,256,370,215,213,257,51,397,183,485,439,402,448,113,431,440,72,148,253,434,410,358,131,31,220,70,55,246,176,242,140,35,297,394,58,147,300,343,340,87,412,120,377,249,498,311,441,305,349,327,465,438,416,399,295,138,186,136,154,488,142,400,97,376,289,411,239,293,163,2
14,390,405,478,419,200,297,158,443,392,131,79,315,94,67,430,397,181,441,355,247,462,274,294,90,410,363,240,217,144,73,106,372,174,43,191,308,221,17,152,176,89,499,167,489,209,380,288,143,228,328,422,464,234,61,475,244,330,404,85,459,214,453,204,333,280,477,332,338,194,275,387,241,364,468,290,135,111,190,82,451,175,97,384,347,439,411
469,432,271,410,182,132,205,269,300,90,67,22,406,448,294,488,101,355,36,221,80,244,50,15,337,381,291,86,223,151,71,113,310,239,341,311,190,304,186,431,63,495,368,483,414,472,27,180,346,245
167,250,245,486,387,133,258,180,136,75,457,172,436,89,85,244,10,3,178,110,115,149,331,174,8,359,35,377,337
177,13,447,470,255,109,138,195,319,285,258,161,423,383,235,16,71,473,376,303,226,17,166,398,220,206,246,500,6,59,343,72,183,43,449,489,379,114,130,169,210,141,283,452,395,108,125,81,142,44,194,267,67,385,287,181,14,250,362
491,23,96,94,161,241,396,375,404,99,493,227,223,199,207,355,267,197,268,330,248,159,14,399,322,261,182,479,314,352,27,262,335,200,395,284,133,365,350,45,64,378,379,103,9
430,105,428,347,461,287,138,87,264,110,397,423,240,228,90,418,389,191,97,106,285,46,261,382,54,443,213,30,252,78,166,7,365,80,331,235,117,152,424,489,411,244,333,167,125,249,165,45,445,72,394,438,216,159,145,277,182,168,193,465,357,274,170
239,288,234,465,164,433,141,144,369,424,3,69,484,448,438,53
61,343,111,133,421,372,110,277,443,276,260,313,52,284,59,88,292,39,53,270,349,289,20,42,446,227,105,391,84,91,131,187,18,432,34,232,246,295,144,274,381,210,174,458,158,493,297,315,166,275,51,401,120,206,10,413,300,155,11,414,142,23,318,121,190,198,44,193,348,115,60,201,197,435,437,268,389,173,159,411,250,486,178,267,192,147,259,455,436,487,41,199,479,71
493,82,184,389,74,441,203,81,70,404,283,490,37,447,254,453,212,44,431,293
108,466,369,181,264,149,190,97,148,459,483,180,61
256,451,447,313,325,80,158,23,350,367,294,210,32,224,145,66,320,500,389,393,206,459,248,205,378,436
236,86,129,29,233,53,123,366,89,59,180,56,140,299,82,93,436,270,243,126,242,51,405,466,438,407,357,277,346,446,264,307,353,206,472,257,208,424,148,450,417,225,151,459,241,19,356,40,335,66,184,406,42,419,281,426,26,185,365,272,392
467,70,205,296,495,393,139,377,442,447,54,392,327,62,394,217,429,472,43,127,231,478,419,33
26,48,239,110,422,24,275,463,167,485,419,82,285,63,175,138,484,122,204,61,100,60,340,108,334,234,102,53,358,314,312,471,58,289,170,225,402,187,378,380,406,397,45,85,338,367,156,68,94,64,126,286,152,136,5,351,111,188,36,206,496,401,3,282,347,269,139,135,210,43,174,81,22,130,429,183,370,215
253,224,250,312,101,409,232,485,117,125,404,346,108,235,448,66,255,388,431,40,340,339,402,226,472,48,395,26,424,15,14
282,254,198,104,424,463,273,433,71,484,366,397,229,103,134,489,45,394,319,107,306,31,299,196,340,128,157,84,166,429,349,448,403,375,228,87,12,385,205,26,94,68,30,449,184,185,392,259,442,41,158,414,376,426,167,251
455,443,158,276,187,310,415,419,403,41,64,191,57,402,342,56,274,262,423,118
405,249,408,71,115,25,188,488,481,305,90,281,38,309,270,462,477,271,372,135,149,397,165,86,3,369,264,424,161,152,293,254,15,239,127,81,201,31,44,285,82,418,288,396,442,99,314,246,386,55,268,227,252,260,478,383,183,146,237,179,455,178,335,384,400,57,132,169,401,267,409,328,437,320,360,41,145,114,435,206,448,427,312,117,225,467,104,470,120,94
98,400,436,432,390,278,274,438,201,392,402,19,224,67,393,344,247,420,222,38,256,64,54,388,389,111,339,378,66,379,361,6,39,228,104,183,417,142,59,146,218,433,272,206,316,350,427,295,129,150,365,290,114,191,194,198,459,282,197,486,118,81,377,195,421,121,385,200,461
102,126,423,483,220,336,278,71,213,325,448,8,300,120,386,397,143,380,385,240,328,415,81,114
375,215,304,150,401,427,162,7,82,310,270,105,205,180,21,144,336,192,124,481,331,5,287,313,94,439,112,389,329,473,199,38,136,135,121,365,484,202,219,234,56,477,168,420,233,239,222,499,46,278,309,282,376,123,397,221,456,429,251,20,281,159,386,148,272,102,147,290,107,450,487,422,388,81,371
208,271,198,5,53,276,282,344,392,487,289,21,257,188,138,252,457,336,401,473,80,291,42,213,472,492,195,469,324,265,202,262,168,402,400,109,239,443,326,349,371,141,323,82,264,61,279,278,263,63,105,325,39,3,414,36,250,74,269,45,190
149,268,424,25,310,324,39,245,334,317,431,378,315,493,246,26,135,262,44,24,259,185,207,107,387,256,402,494,168,52,464,496,487,373,163,383,371,495,48,418,13,232,374,119,306,289,415,466,389,82,21,292,62,68,215,161
203,321,154,484,357,349,82,166,326,403,479
123,370,351,78,323,468,179,339,114,262,295,173,152,138,150,259,367,383,252,247,13,174,187,352,396,14,333,52,366,159,395,360,364,489,349,7,18,98,431,293,210,149,168,62,197,271,483,457,90,116,285,184,164,233,54
392,485,379,312,258,277,437,162,167
63,218,489,397,259,185,257,469,167,1,100,15,197,33,498,122,416,296,177,37,305,366,354,314,364,497,456,207,450,152,49,170,4,380
118,135,298,157,26,249,382,429,165,91,281,96,253,28,274,1,162,88,147,440,474,166,13,466,222,240,38,480,366,422,201,398,156,198
82,57,353,287,467,40,409,204,487,120,153,99,156,413,200,71,381,446,469,470,142,234,270,331,479,227,295,154,454,242,284,49,358,180,150,68,403,130,70,500,51,73,176,218,217,266,124,345,206,196,30,144,135,337,468,361,174,75,66,261,429,304,60,94,438,455,167,339,219,216,482,356,320,411,18,115,24,271,97,108,19
390,195,269,130,357,2,99,221,210,260,306,415,108,15
47,113,467,111,82,412,93,3,118,182,421,436,334,461,168,345,177,51,209,106,468,343,414,122,480,463,307,346,91,435,151,460,274,381,53,285,98,9,350,252,167,303,183,448,263,6,105,94,114,15,228,159,391,437,377,110,433,89,295,402,66,149,169,150
282,432,499,375,65,107,289,219,488
222,444,457,404,41,39,24,109,366,14,496,237,80
474,93,65,114,28,67,383,263,45,350,21,256,5,198,220,349,315,83,175,389,104,193,453,204,233,403,447,371,331,160,153
302,296,74,29,249,471,130,1,33,128,460,216,158,375,141,214,337,392,75,262,38,408,275,258,26,56,463,19,60,401,68,239,243,356,151,101,339,39,379,367,376,42,190,402,5,290,310,370,70,291,389,281,184,197,165,142,287,57,52,189,53,257,193,114,344,103,143,83,21,400,156,100,122,206,160,72,201,115,435,251,69,477,325,47,30,414,62,109,134,194,333,336,94,428,102,354,451
8,125,500,306,163,383,211,271,308,6,31,81,100,283,196,27,476,424,413,450,461,28,261,404,359,335,454,251,363,182,409,332,362,143,252,398,276,312,86,402,371,445,138,495,263,499,377,478,136,47,408,164,166,343,128,365,187,131,439,74,414,26
472,12,238,493,83,17,333,77,374,425,45,179,159,280,372,469,370,192,5,322,176,492,244
385,149,409,469,207,230,103,331,193,416,338,433,293,9,87,467,477,106,99,461,7,195,422,398,32,474,162,388,55,380,204,363,82,18,468,279,339,261,203,249,64,45,39,350,43,458,198,460,445,455
82,490,456
120,307,164,296,66,175,268,433,85,54,110,388,55,275
419,495,336,196,355,435,74,167,13,318,159,57,55,360,377,156,142,93,494,204,473,158,28,94,399,456,347,107,255,180,225,315,481,237,329,249,448,175,483,199,261,140,39,218,45,124,442,373,452,84,221,32,49,453,364,280,372,90,85,87,499,297,184,379,351,445,406,282,52
416,276,268,195,2,20,358,431,320,15,171,424,10,324,131,412,335,130,270,159,393,378,193,498,290,263,38,385,180,384,36,236,430,120,211,464,486,428,23,359,339,423,95,82,400,46,317,7,293,482,55,69,321,395,477,389,113,289,90,489,369,74,43,24,58,451,188,85,244,169,11,219,373,284,463,80,94,415,88,459,297,313,333,206,202,390,450,256,128,375,491,388,139,266,218,124
111,308,137,356,165,94,98,136,171,374,130,201,420,489
487,128,198,272,477,163,159,264,81,54,256,395,486,55,5,117,498,398
248,93,452,158,379,340,339,326,212,368,428,441,479,315,453,455,9,4,33,206,184,477,366,64,478,192,425,462,84,460,218,274,409,262,142,419,377,264,66,299,370,154,272,346,139,251,99,351,440,21,485,386,24,89,95,53,385,189,22,52,383,179,393,433,195,347,187,49,185,121,149,432,235,417,11,255,15,373,168,134,294,13,353,16,83,75,306,427,461,223,105,174,208,414,2
424,451,142,318,351,416,253,175,146,196,11,360,177,325,139,151,150,173,232,127,153,2,482,395,135,321,219,152,255,457,293,74,275,194,69,65,286,355,103,138,445,344,191,213,144,294,55,449,6,350,262,327,335,345,15,488,112,101,391,473,170,426,211,181,243,46,417,276,406,199,387,320,353,412,51,198,472,333,98,418,491,467,14,130,193,423
410,369,421,452,234,388,359,395,347,22,460,221,437,206,472,167
186,78,494,244
494,74,201,449,85,28,14,137,420,354,295,424,263,363,495,483,30,390,311,391,77,252,42,43,164,50,422,386,249,293,13,89,287,120,182,408,172,321,241,437,48,336,32,228,306,471,83,150,191,135,133,264,210,239,229,499,221,458,260,290,316,409,373,417,115,389,357,431,450,292,131,312,143,296,62,39,445,355,347,97,173,103,70,65,109,63,200,350,110,54,342,278,366,146,310,79,399,271,18
401,374,368,100,425,301,13,479,465,438,262,353,166,485,378,357,284,335,306,269,190,343,236,371,98,106,39,454,36,156,19,9,272,198,218,237,162,219,11,455,57,14,155,291,392,40,8,48,83,362,286,265,435,227,489,393,314,440,104,41,192,461,25,140,474,191,477,330,469,345,252,75
131,347,84,158,115,62,293,56,407,464,216,180,485,186,334,360,336,161,156,338,469,262,303,8,212,453,51,378,14,447,168,500,479,42,322,97,113,304,17,248,26,266,155,462,106,185,441,210,198,254,96,403,33,81,240,116,423,374,140,456,233,122,111,296,459,493,222,277,419,244
139,60,250,471,291,395,372,353,448,23,188,212,466,33,132,170,204,393,290,322,69,41,153,63,434,40,413,259,219,133,295,374,28,303,340,255,409,474,383,59,109,276,155,21,64,79,36,330,428,486,438,300,356,435,197,423,304,318,449,414,121,477,62,87,246,298,487,357,352,484,199,208,360,316,420,287,332,123,25,168,4,454,184,499,95,3,240,234,336,326,490,468,440,18,162,228,462,345,12,415
364,385,378,253,225,216,193,365,398,9,54,147,369,449,228,134,485,46,60,24,95,495,447,464,280,409,293,360,457,443,238,393,359,192,220,295,430
422,181,481,8,430,25,489,84,41,185,68,346,354,236,301,238,5,288,386,491,118,407,487,369,409,220,423,1,186,54,325,171,358,425,177,318,42,87,55,120,128,456,155,427,161,319,289,97,26,190,445,107,85,447,224,148,231
161,457,438,276,45,211,409,411,434,420,419,257,496,163,81,172,90,99,24,102,426,274,74,179
476,303,439,115,480,404,425,215,470,110,331,270,357,345,248,379,288,359,459,318,317,396,321,45,127,445,322,253,428,446,145,32,214,22,458,57,60,347,440,256,85,172,187,457,266,306,229,398,298,191,489,335,70,147,346,117,103,47,424
45,477,182,459,295,248,145,362,73,471,467,357,209,369,266,21,498,166,34,273,113,310,23,484,322,444,2,108,346,132,16
10,271,50,203,404,439,446,151,313,75,489,437,210,251,41,89,58,464,319,36,97,53,22,140,123,98,181,86,211,405,274,451,111,115,305,130,30,481,88,293,356,348,444,417,145,241,20,146,494,226,137,221,281,352,353,35,232,78,31,350,469,106,347
162,347,221,314,343,393,190,302,422,42,354,120,96,472,137,105,37,5,402,227,11,103,113,182,101,70,138,260,230,296,173,407,76,102,160,419,167,337,434,392,118,209,396,308,15,421,469,369,290,187,63,315,180,51,330,216,126,360,7,401,459,67,98,341,148,145,460,231,496,265,61,282,346,127,225,380,462,232,57,183,8,430,274,220,263,289,79,279,94,366,488,467,253,372,3
141,247,432,161,351,323,158,295,6,17,263,210,154,107,223,124,37,163,362,54,357,491,221,84,202,130,55,26,318,477,28,152,487,52,201,368,268,62,27,15,450,290,78,170,212,337,452,198,374,332,159,335,232,93,444,293,22,155,224,402,86
102,345,343,95,387,177,463,170,65,251,216,194,383,348,456,141,149,431,441,469,372,432,337,207,433,256,474,7,357,150,442,77,148,483,446,46,128,135,254,219,260,324,455,246,60,499,412,482,182,93,163,454,365,37,117,113,478,211,67,250,321,68,457,40,222,278,122,489,419,436,464,263,316,346,340,99,169,358
183,350,497,26,299,448,463,304,104,12,239,286,454,207,150,16,199,302,121,300,475,165,282,230,329,1,268,320,365,468,461,360,8,50,390,41,431,406,440,377,274,392,36,219,68,349,307,95,412,366,147,341,471,88,393,411,160,21,438,206,162,40,82,45,421,190,265,309
223,183,13,276,111,382,136,140,137,149,86,386,468,138,464,334,132,60,161,435,301,97,480,126,369,333,380,409,351,256,396,271,94,432,367,402,204,488,321,4,162,288,31,336,47,393,431,401,285,6,377,216,269,429,96,3,83,496,40,231,49,467,74,168,229,93,439,109
336,137,393,169,52,32,467,298,360,39,334,71,377,19,114,289,151,251,478,316,268
259,47,260,367,317,454,465,84,489,318,43,149,376,400,387,310,127,139,53,185,54,463,350,487,478,321,384,214,417,32,279,115,377,216,359,116,375,401,172,290,245,232,451,340,191,171,485,421,174,413,281
167,96,467,296,230,116,284,430,310,472,463,425,252,208,306,187,72,56,403,404,68,75,400,399,147,102,279,55,365,382,194,8,272,326,63,144,334,481,36,282,491,65,12,278,231,31,461,106,455,93,486,118,443,121,447,219,229,77,58,368,218,179,414,464,273,411,234,260,318,402,322,130,256,255,88,292,129,79,107,475,152,203,477
168,453,213,393,17,336,167,486,214,232,18,114,469,255,152,69,150,439,95,383,158,252,51,25,317,52,344,219,350,204,258,496,192,465,75,185,407,220,492,322,197,181,304,211,229,91,411,381,63,420,200,140,254,406,20,434,65,400,262,169,293,222,263,64,390,112,300,320,82,392,324,26,463,267,276,294,309,62,409,297
345,257,109,494,151,245,424,77,26,468,178,222,124,6,114,297,158,230
220,333,246,85,30,293,314,313,311,218,280,262,233,370,69,107,173
235,230,420,266,288,46,400,50,305,269,15,208,409,483,393,255,171,270,147,324,401,384,495,368,360,82,155,85,211,212,14,201,204,119,59,42,207,114,131,199,23,156,345,221,185,443,20,391,99
141,388,499,176,180,174,452,139,120,354,205,414,49,448,342,9,304,7,70,44,268,229,132,454,271,168,179,443,244,246,399,398,233,462,23,46,121,280,212,458,408,117,346,488,486,161,466,216,251,263,78,210,471,189
73,243,424,319,132,500,127,327,446,282,250,18,334,214,41,44,43,95,479,155,285,176,208,496,363,332,111,165,35,265,490,58,260,7,29,302,170,477,228,365,469,333,277,426,119,391,212,37,87,209,231,162,191,403,422,494,82,145,9,28
60,219,97,340,492,458,233,244,359,210,99,223,171,149,12,322,483,393,164,134,148,11,425,376,335,495,42,288,138,260,55,26,43,238,144,487,427,73,466,467,153
354,372,216,344,266,325,440,137,86,151,156,358,326,339,235,310,276,269,133,275,213,92,274,95,329,15,55,81,433,388,391,199,243,212,426,244,153,99,446,450,487,495,230,456,218,170,328,284,149,452,38,493,375,93,117,71,141,299,380,476,347,352,336,54,351,145,429,64,10,4
20,3,361,393,486,89,52,80,474,449,104,277,325,387,287,112,244,442,78,127,267,114,237,216,1,119,283
335,403,14,306,138,139,317,416,163,38,6,302,238,440,330,152,206,150,93,292,445,54,320,226,414,432,123,181,94,275,109,249,273,85,271,190,461,202,426,290,15,160,327,368,129,264,406,475,499,171,243,223,325,415,2,387,372,70,7,471
157,293,497,42,75,227,104,280,262,424,352,224,317,211,124,17,242,39,206,461,13,311,88,284,371,9,81,426,385,73,457,448,1,141,21,409,312,380,19,398,273,146,217,403,46,208,483,121,440,462,154,358,245,138,310,486,446,179,144,268,369,143,28,332,38,16,271,27,480,22,256,98,357,53,6,123,237,260,443,450,63,498
489,406,255,411,485,360,38,374,333,204,149,148,359,85,156,101,264,103,195,256,209,388,415,132,252,87,78,54,56,460,221,430,22,198,247,28
29,65,289,90,207,232,158,484,141,255,66,334,169,222,349,391,369,242,160,216,271,20,48,237,200,19,64,479,50,135,74,249,156,181,72,463,122,124,274,415,267,118,418,85,4,148,294,25,250,125,306,494,214,329,54,173,5,286,382,359,77,490,126,188,112,51,447,258,313,151,127,180,330,67,410,346,356,370,53,352,123,291,146,43,390,36,179,21,300
453,313,226,102,486,82,27,72,400,18,260,279,30,349,230,91,300,59,139,68,399,461,314,302,276,436,183,384,258,481,311,416,103,297,353,391,358,383,251,138,212,277,21,88,347,39,404,43,171,320,280,406,215,95,253,195,290,427,94,456,366,131,467,36,128,368,477,430,340,52,150,355,112,301,286,472,444,55,9,431,157,217,285,372,85,259,483,168,159,364,133,324,137,312,166,53,319,40,393,378
22,221,131,328,112,498,124,235,84,287,385,254,12,39,9,229,258,324,344,33,321,165,384,493,197,180,38,387,276,109,239,52,237,357
116,290,261,265,411,74,476,357,490,303,227,15,32,163,483,122,288,58,21,423,417,56,402,127,425,143,362,10,179,372,337,208,239,221,365,242,171,464,159,358,341,404,25,144,495,218,408,374,322,95,138,493,335,12,145,245,373,228,339,33,86,20,364,41,444,50,59,381,7,61,384,169,282,284,414,234,359,49,445,317,345,270,141,120,195,292,117,229,53,332,426,478,465,394,316,482
422,287,118,274,147,93,166,397,19,409,16,165,121,477,355,52,430,23,317,377,158,284,457,100,141,389,435,358,376,220,33,29,306,426,456,249,438,286,496,10,345,72,190,127,97,28,209,192,227,91,469,412,182,303,437,362,136,24,451,174,171,486,233,454,237,489,63,30,312,310,406,126,381,297,206,498,76,13,476,163,467,216
185,404,372,184,491,308,278,402,351,168,194,58,480,234,482,381,26,33,90,154,101,228,226,365,306,79,235,444,425,71,207,321,165,469,342,291,285,399,192,484,340,282,191,69,490,223,120,474,406,227,3,138,78,136,293,73,162,429,409,151,144,362,355,112,422,407,172,187,140,256,315,423,258,211,317,175,413,447,449,253,6,418,72,190,149,16,248,147,405,336,106,289,118,121,30,210,394,300
498,153,305,409,358,42,24,306,227,151,395,123,355,407,413,164,368,20,88,243,61,342,481,96,171,233,266,283,86,192,148,95,113,412,347,157,239,458,280,154,183,177,354,351,206,221,420,310,182,141,172,286,57,357,383,31,261,256,18,74,344,429,493,359,400,460,447,495,83,174,313,213,249,490,199,147,331,132,248,492,115,1,235,170,391,397,455,472,10,224,277,422,435,238,146,63,370,403,375,187
168,424,38,407,21,68,205,391,377,183,108,103,240,186,27,416,272,22,341,144,107,162,398,127,232,241,166,468,275,167,364,339,302,226,419,413,112,62,58,394,246,70,49,160,414,322,161,486,239,173,497,260,479,210,41,69,306,143,474,367,65,1,353,85,145,157
6,381,177,24,181,460,166,373,196,426,286,90,371,440,489,61,420,295
114,462,434,19,451,32,479,490,16,441,380,376,171,432,343,30,382,15,464,216,217,496,266,63,456,189,75,51,384,27,46,328,65,29,112,52,272,307,163,298,234,277,243,278,122,405,334,206,299,166,199,152
332,92,334,487,34,87,188,169,412,441,353,436,478,83,361,347,170,133,443,156,494,471,138,354,452,281,399,472,118,49,426,395,320,254,365,439,85,249,442,447,100,480,459,331,200,151,319,251,9,440,132,496,355,417,109,337,113,343,182,204,357,428,75,106,110,476,340,80,327,90,303,385,252,30,415,410,381,39,418,226
385,49,311,371,406,350,339,296,89,426,284,69,351,205,499,21,338,432,349,360,150,342,292,460,366,157,488,253,103,95,176,303,203,237,241,341,213,449,393,483,194,388,436,429,231,149,313,247,434,139,361,379,309,300,373,178,180,467,130,322,199,102,289,423,73,262,245,29,27,211,486,77,175,22,183,221,389,116,439,13,477,192,48,464,24,60,161
227,415,118,79,53,14,422,442,106,481,52,22,144,83,155,172,411,373,45,229,199,116,220,383,82,69,75,36,378,475,396,331,40,33,231,115,92,214,80,300,452,58,301,363,238,1,228,247,11,67,432,473,85
77,416,460,461,323,166,295,219,404,391,196,208,474,346,497,449,71,495,314,355,124,51,18,348,412,478,111,100,300,307,395,76,104,156,48,161,297,180,329,145,447,247,489,309,313,269,128,356,46,381,146,127,361,159,241,249,272,316,286,280,135,237,7,22,469,140,103,305,14,114,477,31,126,479,29,57,189,175,27,254,335,349,402,174,192,384,17,226,122,406,333,212,218,369,409,129
69,90,188,204,437,148,495,455,313,298,261,73,343,166,34,132,462,331,217,93,425,252,259,490,155,296,171,127,354,397,385,239,320,223,292,399,205,371,158,342,442,456,12,444,20,32,412,380,459,140,26,468,197,403,460,474,210,226,245,270,346,415,489,151,117,345,227,138,230,91,351,200,236,51,88,58,124
399,158,215,288,373,468,154,427,78,223,103,188,469,40,460,454,147,221,485,451,430,186,376,276,424,429,309,47,148,409,442,144,64,99,233,374,461,260,185,443,58,87,157,55,364,254,311,495,337,446,23,171,71,300,268,131,494,491,325,290,476,388,77,474,46,414,369,35,412,150,463,6,287,286,80,358,19,135,496,52,362,117,346,432,236,205,353,145,323,74,277,265,1,137,216
205,75,265,20,315,73,104,80,210,144,105,490,457,174,134,435,114,341,9,264,272,164,367,487,280,176,465,476,5,325,246,437,112,27,486,306,329,257,340,50,66,225,271,56,209,343,68,495,452,449,136,215,363,301,304,416,83,179,243,488,321,183,13,96,345,375,361,281,145,443,159,311,127,15,132,4,392,357,428,382,22,160
109,263,386,438,87,491,420,84,199,270,44,246,217,359,375,297,261,498,236,456,224,171,353,243,350,314,42,202,206,116
394,175,209,423,405,49,472,399,258,145,498,345,2,307,224,385,344,297,23,320,477,219,207,256,212,14,326,282,6,241,263,74,121,18,486,324,15,141,81,390,259,3,223,171,158,203,78,424,367,77,476,180,451,230,371,260,364,198,267,368,257,422,68,378,189,454,418,220,32,44,4,495,453,356,273,407,42,351,7,252,357,234,389,442
6,120,344,119,92,249,111,390,29,401,293,471,466,457,285,167,451,234,35,43,68,221,46,305,1,323,435,363,297,205,377,449,373,299,325,478,456,368,124,295,225,180,258,352,444,241,274,423,191,359,479,492,469,396,75,190,151,27,342,395,279,393,143,370,340,432
92,55,106,423,124,291,28,82,150,437,165,83,23,433,160,253,336,95,136,292,163,80,184,41,142,244,263,391,463,247,243,341,148,361,338,348,2,180,58,118,81,183,85,493,162,440,261,44,203,324,295,384
150,352,381,216,428,244,322,339,399,317,42
4,81,463,127,366,258,26,484,485,197,360,313,413,490,466,166,37,414,132,216,77,343,134,192,336,13,458,294,218,374,459,486,23,403,48,408,71,109,36,113,168,84
255,361,228,305,24,390,208,81,110,193,229,140,383,273,373,151,176,434,316,278,331,398,296,345,220,11,42,306,242,100,210,120,304,451,91,108,181,163,366,348
498,339,413,26,184,365,24,249,177,32,445,30,304,4,350
99,335,318,222,311,253,257,494,268,215,92,381,389,395,411,182,250,82,383,19,83,355,75,49,495,482,2,7,1,478,90,14,223,341,218,455,53,362,221,121,36,486,194,267,496,139,340,305,151,406,346,206,358,114,185,393,294,62,192,409,449,403,243,354,285,273,254,281,484,77
156,56,257,164,388,492,398,332,35,53,345,8,341,233,239,303,128,454,444,58,330,211,5,227,246,23,66,118,252,199,414,29,245,490,317,362,421,237,455,270,386,435,25,395,161,38,321,313,117,479,383,145,329,392,261,154,433,88,188,281,474,97,92,359,20,131,488,81,39,91,182,109,202,158,99,294,172,328,295
266,219,42,301,56,381,190,3,128,429,73,208,438,326,277,11,187,317,215,434,414,366,389,379,41,242,331,422,142,241,199,101,472,17,200,377,30,5,206,441,204,432,274,82,209,40,248,249,345,76,123,69,470,62,135,211,401,292,323,68,339,237,178,492,158,400,193,28,120,245,6,451,282,393,85,456,72
442,444,41,142,467,67,62,431,358,2,298,475,221,52,454,485,347,126,402,319,325,406,255,108,168,397,64,462,179,437,245,375,111,318,132,331,371,215,51,24,341,193,31,66,238,214,399,10
152,161,56,135,74,88,307,365,262,7,128,355,78,343,181,455,354,180,280,429,219,462,329,324,293,339,296,461,13,338,179,348,68,418,5,328,34,499,294,367,174,153,357,8,59,119,325,351,221,70,79,410,434,341,158,95,136,487,315,247,387,420,63,377,400,471,425,267,227,131,453,413,401,4,389,444,176,21,458,18,120,217,182,229,489,106,472
5,70,197,13,257,258,3,401,196,378,130,494,154,379,273,340,189,450,212,393,83,423,125,455,278,367,6,485,133,97,287,161,123,399,120,147,141,52,499,246,279,370,320,363,482,420,263,400,107,66,42,302,37,143,76,488,172,79,312,304,262,207,137,242,458,284,385,24,99
289,208,4,436,214,356,117,372,198,412,85,87,365,101,239,447,471,438,35,497,343,54,51,304,126,325,236,188,495,358,461,370,336,467,390,204,462,192,478,157,404,294,424,72,178,127
436,348,458,356,270,149,468,419,325,140,250,126,254,162,167,472,396,390,53,188,293,165,314
291,52,263,206,61,140,456,113,122,308,53,149,120,176,144,73,351,64
88,415
335,156,84,128,384,184,281,74,461,453,48,99,231,10,107,227,26,390,121,185,360,456,400,478,255,352,6,308,458,225,55,486,151,204,334,215,154,180,430,135,290,61,269,158,451,437,205,429,192,450,210,338,364,374,391,22,43,348,326,132,25,66,270,148,329,73,482,351,280,127,47,237,476,23,193,433,199,149,421,389,252,398,191,474,322,465,264,115,41,406,141,75,455,42,71,380,401,125,302,221
304,157,131,274,379,134,21,413,43,281,314,39,94,444,406,168,481,252,277,262,459,28,236,132,197,143,140,394,357,347,141,74,494,11,226,206,211,191,296,395,485,493,162,260,475,390,209,278,488,253,265,160,496,421,500,282,338,155,388,66,432,69,407,373,177,200,464,398,110,196,186,35,70,405,24,145,489,120,256,87,217,129,230,190,75,229,294,156,3,40,114
385,125,387,228,404,319,333,282,70,3,253,438,100,422,400,406,118,167,223,263,224,484
399,490,76,63,37,262,414,126,350,31,220,462,444,146,66,127,149,384,429,67,145,374,310,493,476,385,46,439,474,32,232,308,154,189,380,161,3,500,332,15,465,74,448,368,24,393,389,469,311,119,296,125,50,208,377,10,470,83,420,47,424,321,100,330,18
186,236,189,66,319,115,413,403,298,450,41,359,15,207,391,447,426,245,401,382,144,182,299,40,336,441,208,286,170,127,53,95,201,368,305,435,348,148,459,254,271,248,292,412,481,304,397,445,428,135,48,81,82,367,32,409,378,360,86,344,145,477,242,296,471,7,131,233,478
287,49,228,254,440,4,242,405,150,367,423,128,200,163,308,368,251,235,209,490,424,51,164,312,146,458,314,337,21,275,133,263,330,38,406,369,32,399,324,352,117,305,28,64,107,436,124,478,349,210,318,140,495,173,431,8,181,142,438,484,322,293,148,359,353,467,435,111,401,301,310,54,147,446,74,88,358,272,486,265,129,216,189,93,218
274,408,394,88,220,297,4,321,380,473,142,449,275,56,162,411,139,219,456,351,233,444,300,439,66,484,478,424,223,461,460,140,344,355,178,7,166,121,146,53,109,65,167,103,376,395,261,222,169,187,62,101,114,60,476,190,198,84,10,75,384,111,32,454,496,165,127,14,85,246,339,92,320
364,416,163,279,1,142,63,461,455,344,322,262,228,297,409,313,50,64,431,350,52,170,187,389,464,290,183,33,2,405,433,390,489,23,275,123,483,189,145,377,351,200,465,206,168,404,207,445,220,124,340,436,451,28,4,59,159,352,256
196,73,103,93,347,436,30,472,109,310,334,265,294,225,150,124,297,58,476,323,226,423,215,341,191,384,105,199,340,374,492,253,131,461,498,112,296,306,236,280,135,235,285,16,175,462,321,177,314,208,206,224,194,238,325,53,273,438,422,9,37,156,174,455,400,357,303,66,420,142,386,263,46,338,143,320,170,161,316,61,383,442,23,497,395,332,319,487,270,48,165,83,197
55,102,14,72,370,420,312,303,255,107,130,74,491,273,385,398,352,155,319,485,305,321,154,314,382,120,327,136,40,112,373,434,51,456,134,279,193,387,100,394,426,396,291,28,9,175,466,62,142,362,92,415,413,80,77,35,158,119,149,296,187,318,256,33,208,451,500,238
39,253,499,304,9,233,477,178,114,3,275,266,71,378,450,269,272,481,242,397,169,330,339,261,155,279,359,5,110,470,225,11,383,104,500,375,129,86,313,120,464,446,136,142,181,474,70,258,290,37,283,42,273,370,98,18,46,131,159,442,413,354,43,25,461,57,303,434,497
241,406,377,282,392,132,224,243,183,68,140,413,333,495,321,349,186,397,259,111,138,45,179
245,426,369,487,192,195,8,483,373,157,416,455,404,365,148,100,303,312,357,223,371,253,174,287,274,500,89,351,249,335,430,168,375,296,434,109,113,322,73,102,247,64,82,150,288,39,388,143,403,425,214,224,156,343,213,350,54,307,34,358,302,272,387,85
78,190,269,365,328,452,460,4,192,421,123,257,240,486,410,6,169,66,331,326,124,492,369,139,180,177,376,137,241,252,348,117,493,23,384,49,127,131,20,163,472,276,366,134,97,368,202,461,363,345,205,394
6,281,498,443,308,276,177,369,374,351,410,128,115,459,41,246,114,188,170,23,22,33,399,426,484,102,322,167,442,346,365,240,40,270,180,318,233,343,150,368,132,433,396
340,188,337,283,309,469,491,70,281,318,221,451,197,64,52,120,252,490,449,89,372,211,121,242,264,288,285,81,292,475,311,481,239,141,269,179,354,439,227,324,381,216,422,348,115,466,27,130,166,112,147,293,100,150,411,463,251,446,58,262,350,45,291,464,190,447,319,416,471,142,30,60,400,380,365,14,21,453,208,390,457,23,323,268,13,349,495,93,61,244,177,297,67,338,105
274,47,68,404,161,293,313,132,114,222,237,400,236,235,4,229,218,486,411,21,440,197,145,140,26,480,441,65,180,192,253,500,217,422,261,73,153,250,43,223,172,143,183,446,264,240,475,305,335,51,321,377,284,393,78,430,438,186,120,7,221,413,249,418,80,473,74,79,99,474,243,339,340,209,242,318,299,316,458,463,361,150,137,260
48,427,263,120,55,454,325,49,441
214,66,304,484,258,74,8,32,87,51,327,35,72,11,271,57,200,286,421
338,180,143,271,82,239,485,451,427,302,408,138,423,113,72,270,445,313,467,95,194,420,314,219,461,116,359,252,224,139,10,327,146,294,250,126,226,21,70,103,293,279,112,347,391,132,362,63,195,488,354,39,384,190,439,459,211,71,232,32,147,228,109,227,142,136,369,282,231,17,299,308,80,360,229,206,215,457,244,426,487,370,346,381,167,131,86,329,204,371,83,316,181,382
51,215,78,411,95,368,7,102,220,190,405,412,219,52,247,296,161,376,36,16,392,214,47,251,270,226,192,444,39,303,253,306,141,120,246,20,225,283,377,1,240,334,200,159,338,218,370,136,128,471,423,114,424,265,30,203,163,55,435,439,59,318,99,202,429,466,68,256,414,400,297,53,232,314,79,397,28,92,352,358,110,298,229,365,6,18,185,336,250,49,404,259,216,89,475,437,19,43
441,31,180,309,345,177,200,152,454,65,425,475,28,421,14,221,163,292,21,67,34,194,431,300,266,444,213,9,496,348,465,340
319,48,68,253,134,43,22,441,452,304,488,433
34,243,60,138,408,430,208,357,103,152,128,442,310,487,213,91,98,377,479,137,398,428,355,373,362,86,411,181,223,120,141,27,133,454,251,62,262,285,364,144,462,463,165,265,476,406,349,24,136,494,101,18,382,307,222,148,241,441,359,466,183,414,221,456,421,212,99,217,210,267,383,206,230,158,44,2,484,6,292,325,281,130,76,205,214
460,177,468,170,353,339,126,178,310,240,409,436,173,347,344,40,278,37,477,385,115,423,411
33,85,203,178,385,5,465,364,375,423,414,279,99,191,146,475,332,389,256,96,314,113,323,208,474,246,133,60,98,295,367,161,21,237,356,231,464,239,382,102,405,312,87,245,481,94,244,93,216,227,122,45,441,117,218,283,425,184,59,350,119,371
417,184,88,246,202,10,411,37,117,353,441,45,44,412,23,361,300,237,213,252,179,62,336,472,321,456,51,60,61,48,309,376,122,174,183,299,486,83,440,128,344,462,58,232,320,151,363,43,53,469,488,137,468,109,17,200,56,264,147,455,168,218,270,315,73,451,479,386,287
315,57,277,134,491,171,414,40,461,95,494,432,387,474,56,483,419,42,113,185,365,6,336,28,162,24,39,13,492,243,74,385,285,247,48,437,367,426,463,233,206,269,230,160,332,273,335,60,294,392,409,14,98,195,36,218,124,8
154,98,424,253,109,311,68,195,190,215,304,211,61,317,491,342,233,72,285,246,71,136,101,324,226,432,312,89,171,443,397,44,366,162,15,130,327,243,292,50,151,112,441,488,188,94,209,155,282,29,254,367,18,478,203
123,458,336,360,353,80,183,428,237,460,143,395,473,416,86,322,494,251,52,459,446,463,55,155,125,107,70,158,84,32,77,422,163,231,378,247,4,314,273,226,76,184,3,244,368,435,106,98,206,241,17,23,124,161,382,425,492,298,396,228,265,349,331,94,423
400,63,449,198,36,145,325,469,465,82,487,174,255,323,72,296,134,455,448,435,217,100,67,193,133,156,381,445,367,392,486,331,484,442,292,361,162,106,34,238,250,44,431,8,466,457,286,256,244,500,333,37,168,394,170,190,62,383
4,124,450,405,206,320,18,274,136,44,442,457,404,126,21,285,166,481,192,97,105,440,220,133,143,100,53,83,240,20,340,225,162,456,155,56,339,326,75,137,2,144,176,9,472,247,200,45,354,41,429,365,278,123,261,368,92,51,358,57,333,1,209,296,78,93,398,135,62,245,307,202,395,421,226,324,319,22,341,439,269,425,198,309,426,121,294,165,328,300,79,485,173,16,463,459
293,422,50,194,113,56,97,320,387,382,212,231,167,274,129,47,199,13,36,53,227,374,100,116,38,457,426,107,301,364,248,469,280,454,240,200,489,104,399,44,61
179,153,12,466,3,188,21,230,262,304,139,180,209,7,166,354,247,399,491,189,394,339,396,345,103,384,260,10,110,341,496,107,465,279,432,55,99,319,57,246,58,443,267,412,46,54,471,289,497,463,218,259,297,184,40,282,309,224,123,117,417,228,219,101,397,381,402,240,217,342,495,206,128
453,334,279,296,480,10,191,301,56,25,119,496,231,466,133,204,82,177,37
324,206,385,326,234,335,106,415,392,276,103,493,350,15,177
369,258,138,223,441,141,407,240,245,2,204,325,212,386
288,222,13,493,51,482,180,157,344,60
498,399,102,203,406,469,158,204,155,94,215,86,484,438,353,345,278,157,227,67,293,63,299,175,100,302,60,69
105,218,188,234,163,315,27,57,471,302,264,497,268,159,457,89,284,416,287,232,247,377,40,230,13,42,434,213,72,173,413,242,33,303,170,373,340,78,85,262,492,466,370,210,174,21,440,196,87,181,459,451,153,298,231,269,444,180,184,431,56,425,406,19,150,233,172,100,415,352,250,99,496,348,257
208,398,448,364,303,80,156,290,324,299,321,257,67,3,138,116,463,185,194,207,446,305,215,173,82,498,10,259,352,9,261,134,229
20,130,210,204,245,78,382,101,144,350,178,344,485,269,447,252,411,495,143,7,463,453,458,95,163,75,345,346,328,413,184,188,380,33,498,111,371,31,443,373,237,203,64,356,306,477,16,2,142,287,326,381,46,199,202,67,490,110,418,221,243,103,420,112,93,147,179,426,256,17,352,164
445,298,393,133,471,384,372,494,311,320,146,51,84,371,364,475,200,281,227,164,328,354,296,293,495,202,132,249,121,378,387,96,55,211,155,388,269,36,481,29,264,337,369,352,44,27,188,38,24,1,391,97,446,438,490,464,272,192,245,154,295,158,474,205,303,39,104,172,9,297
242,212,300,489,297,280,23,28,490,7,228,218,5,147,495,278,499,2,292,472,116,500,282,480,138,431,484,106,132,307,166,373,101,296,261,72,401,230,358,367,418,152,429,275,287,143,238,293,440,19,312,86,117,450,45,338,304,178,435,254,148,357,291,277,134,458,150,25,133,139,449,251,235,55,83,272,398,378,209,142,102,214,369,104,359,110,315,47,387,436,112,58
429,327,293,52,385,415,210,166,383,142,126,222,174,172,409,305,443,273,198,376,453,8,452,235,27,144,392,450,62,152,202,276,147,61,37,270,67,431,218,195,407,255,416,225,349,253,379,291,50,401,314,199,477,85,171,366,16,375,476,64,176,15,204,315,261,368,107,333,220,189,396,441,290,207,71,472,436,24,104,486,165,181,460,213,371,373,369,23,297,355,203,54,309,125,116
236,8,5,498,340,338,228,184,349,36,414,55,40,33,457,299,111,246,275,103
481,425,450,60,327,257,140,469,214,266,98,181,225,75,54,264,192,326,42,449,173,304,410,137,237,385,263,36
21,386,192,381,38,281,404,382,137,112,81,499,209,225,410,220,331,185,22,390,207,447,392,420
393,158,476,474,402,66,375,92,340,341,247,448,253,401,323,32,429,129,28,274,447,187,335,98,312,138,56,334,268,349,470,294,208,494,142,119,362,243,60,355,131,454,369,199,276,173,473,51,436,382,453,200
156,315,82,249,138,128,312,404,328,298,352,373,453,17,277,175,376,338,279,438,168,387,217,402,325,292,160,259,435,201
139,133,115,361,436,385,274,356,1,376,30,346,170,46,498,70,116,184,15,42,61,213,257,488,210,408,282,292,326,183,85,262,241,68,252,25,404,227,380,98,464,101,9,307,64,47,91,389,150,442,492,16,343,273,297,22,459,271,406,75,8,497,260,350,269,381,462,167,264,251,195,351,173,154,66,208,161,321,26,495,130,92,152,485,420,158
208,38,474,7,500,396,355,445,45,436,365,496,250,235,67,214,374,181,398,442,8,50,138,277,177,464,261,209,102,485,298,354,211,333,305,35,140,232,244,178,271,84,228,36,476,79,60,184,91,304,248,348,191,40,5,4,438,297,212,404,136,125,346,251,393,319,26,433,451,470,407,32,76,450,472,463,106,1,223
98,322,467,131,232,407,435,320,245,445,190,367,100,127,444,141,478,390,214,360,397,331,296,262,47,473,440,356,437,121,196,413,477,14,341,408,244,61,402,423,288,223,71,411,263,174,387,60,59,91,483,265,454,400,26,434,217,186,337,449,421,29,460,379,272,393,113,480,211,491,193,482,55,130,158,189,90,153,382,162,323,301
385,168,22,468,327,141,336,173,307,498,283,258,278,268,132,338,356,500,69,299,104,121,486,357,254,294,255,358,119,364,191,48,164,293,259,256,174,231,295,198,230,296,227,303,275,447,76,289,152,13,189,412,372,304,280,411,155,392,253,270,51,37,41,353,404,243,250,211,366,313,397,286
200,342,403,392,190,432,362
158,93
200,279,233,125,464,117,49,332,14,386,401,73,263,238,309,383,229,469,222,248,192,172,254,496,11,292,179,176,25,173,21,69,114,493,190,178,224,373,403,120,440,346,161,356
338,188,428,395,76,409,60,487,401,34,232,492,383,50,3,164,36,8,275,356,46,470,237,369,418,102,196,441,245,176,250,405,300,135,199,139,254,424,271,494,479,374,454,189,239,359,118,244,68,327,319
453,392,406,473,64,434,383,222,40,165,171,426,359,341,358,176,7,216,451,428,237,403,316,408,138,230,192,24,225,335,468,452,27,436,158,166,135,407,322,57,66,132,67,309,376,262,223,437,46,78,221,69,127,320,196,56,159,52,45
475,478,424,172,419,352,337,144,30,366,385,221,88,125,65,285,133,93,38,473,84,24,492,247,214,58,314,418,26,379,40,33,407,283,245,345,182,8,64,169,325,205,369,18,241,430,159,399,35,212,289,348,446,415,25,499,438,219,135
354,219,410,246,494,271,484,487,178,183,75,19,87,457,237,122,152,85,307,68,105,403,264,373,485,346,231,500,439,391,90,471,302,194,390,241,404,166,375,330,432,332,360,110,147,472,315,99,164,179,226,89,133,251,15,72,132,345,26,52,401,6,229,234,24,371,470,285,333,267,137,39,460,204,324,496,290,84,394,426,2,415,31,468,35,227,349,188,222,225,343,240,43
260,245,79,123,210,161,230,385,416,54,369,447,396,319,467,98,91,360,58,237,40,499,311,208,487,7,340,50,146,60,244,341,271,152,426,216,128,372,287,47,154,278,120,44,172,129,83,437,199,436,166,165,269,159,220,377,134,473,448,299,492,279,413,191,346,17,386,430,28,438,356,380,335,320,442,282,345
74,22,31,155,12,170,35,75,125,30,188,66,335,86,206,161,306,354,238,132,280,14,156,96,180,320,447,470,276,312
174,97,45,374,238,38,188,461,438,493,46,267,161,98,57,222,127,39,367,122,51,450,352,371,50,411,448,259,90,460,272,295,79
217,153,95,37,193,76,238,96,464,347,484,44,90,326,310,444,269,183,71,234,289,228,330,332,465,160,322,64,255,292,434,157,427,462,22,480,470,333,62,385,51,176,247,307,106,24,21,101,34,191,401,345,253
89,243,223,353,472,270,497,478,336,260,207,81,278,174,266,200,268,385,139,38,197,359,159,308,262,43,228,212,250,489,494,22,399,69,131,288,381,360,154,485,294,161,274,144,118,391,423,224,302,97,416,365,458,387,60,42,46,461,474,425,363,263,374,64,205,96,481,321,39,157,109,11,269,156,112,414,315,106,233,455,426,123,348,114,300,47,77,57,280,67
377,5,206,250,215,155,373,297,438,279,262,55,232,101,305,346,347,122,360,138,61,94,200,116,148,245,267,184,493,487,129,183,435,218,133,156,26,193,82,164,334,238,500,431
116,448,352,221,209,216,134,47,160,165,444,77,495,438,84,24,45,284,255,96,439,41,55,114,9,370,326,80,405,262,59,241,75,187,185,312,424,173,264,202,224,310,149,195,254,246,355,354,313,123,252,239,347,215,237,423,207,139,115,92,485,270,180,169,132,316,193,339,391,76,435,83,450,474,21,218,358,417,271,245,42,394,366,374,483,322,161,70,131,458,118,390,108,159
444,322,42,374,334,321,424,333,278,164,404,338,400,14,5,241,292,287,176,485,308,167,429,180,33,34,147,47,432,276,4,482,359,348,169,2,349,307,358,198
95,350,198,321,317,183,100,116,138,120,122,337,14,27,474,157,468,229,66,290,387,411,273,402,176,148,324,189,356,62,73,243,419,175,65,143,153,94,137,320,423,314,484,497,199,357,99,13,446,1,127,492,326,249,33,140,253,396,192,473,282,422,151,52,333,250,296,26,498,346,432,232,404,155,77,124,82,371
480,137,82,156,235,195,279,42,44,379,237,404
79,232,99,269,72,209,204,319,414,126,288,423,455,266,55,68,500,249,75,419,298,445,404,450,349,100,161,35,323,328,387,224,38,230,133,234,285,289,21,207,408,481,426,302,256,146,82,400
256,329,131,456,308,27,449,359,202,262,90,120,72,132,98,382,219,1,204,249,323,482,442,8,373,458,399,41,205,246,493,403,289,428,276,400,486,495,3,330,123,268,206,462,225,53,457,465,461,167,355,379,439,318,154,328,480,20,476,101,199,210,301,258,174,88,266,208
264,489,443,425,315,377,424,15,177,54,412,195,275,83,439
250,103,203,284,132,376,91,157,35,310,270,10,85,156,274,373,328,441,289,306,86,276,416,151,1,344,365,69,311,37,176,57,80,356,84,370,261,288,130,129,17,438
179,431,274,136,412,243,108,207,139,407,323,192,278,118,191,177,221,273,253,49,402,140,176,448,299,104,354,328,125,281,313,462,468,300,301,12,447,457,13,296,75,79,70,449,382,248,497,16,415,271,252,90,494,164,217,88,9,228
47,8,166,470,458,132,481,480,235,310,462,392,174,289,495,336,402,293,407,459,178,114,30,171,283,426,147,348,361,387,187,215,479,60,457,144,263,177,318,375,165
240,332,161,204,66,398,183,327
453,462,496,487,474,151,144,339,446,263,303,98,356
422,181,179,412,198,157,140,363,48,243,418,207,192,254,164,259,372,419,237,233,78,317,424,147,390,341,40,124,477,331,413,115,485,371,423,92,457,368,464,257,167,462,108,202,381,355,228,479,301,70,247,356,166,97,131,350,324,122,127,246,411,478,67,150,156,87,83,260,290,226,1,289,306,263,330,16
282,144,473,46,398,118,225,249,447,360,380,237,121,485,417,244,18,487,174,355,112,172,38,343,56,371,233,195,66,328,386,315,119,294,482,445,370,384,432,209,8,50,95,341,105,268,273,493,409
388,327,339,393,324,321,322,351,396,296,181,372,133,228,44,441,252,24,486,34,462,223,216,197,205,176,6,123,122,63,443,171,333,93,149,320,26,451,135,427,74,463,151,5,212,226,153,218,138,284,425,268,341,432,438,90,288,257,242,194,120,207,459,422,175,431,285,68,253,291,266,172,300,108,290,213,130,86,166,488
180,418,122,33,297,343,266,174,365,1,265,56,27,24,176,304,62,462,140,374,464,328,416,291,110,75,13,318,259,432,152,285,137,44,54,194,2,26,102,40,437,155,397,14,335,298,386,178,382,422,363,414,244,354,306,278,372,202,120,129,274,451,289,156,165,398,408,404,471,183,213,108,423,179,393,477,20,30,337,370,465,225,72,256,267,442,196,181,38,162,406,449,85,11,89,434,496,23,273
132,458,462,352,15,48,316,371,293,385,486,46,343,29,301,440,477,14,429,400,49,95,191,471,468,483,356,100,174,309,288,62,214,325,227,91,404,233,327,71,367,182,67,425,320,372,319,390,430,199,131,278,224,313,370
364,195
359,196,77,376,444,210,109,174,341,242,276,26,488,39,65,61,260,60,336,370,258,89,90,136,6,312,375,119,155,179,121,338,265,228,9,111,107,40,204,192,14,35,493,499,173,52,328,218,466,340,238,81,11,316,216,62,360
340,476,233,368,284,194,270,111,468,114,124,392,165,461,298,314,339,129,266,122,466,489,242,11,283,213,378,370,180,381,448,31,371,67,184,186,355,90,48,307,22,343,91,134,100,15,376,488,341,500,447,282,422,13,146,26,20
382,166,482
351,140,91,153,415,48,334,424,99,268,69,396,139,5,92,132,336,245,477,76,376,212,243,134,431,211,400,86,188,248,98,372,285,368,3,201,146,323,187,465,346,259,13,101,272,221,47,84,407,358,398,109,105,229,284,79,255,151,102,194,37,127,420,497,364,283,319,444,157,306,441
72,418,249,423,470,55,317,223,268,167,432,365,448,462,224,449,369,166,453,292,53,227,343,327,64,279,144,454,235,389,143,17,21,430,153,395,69,201,452,316,145,323,65,149,441,402,428,332,340,254,350
424,153,108,320,194,441,239,55,12,256,145,151,498,14,308,78,306,158,399,86,318,406,176,262,348,440,485,272,35,38,20,211,207,18,62,30,53,339,316,446,84,274,132,438,439,391,19,436,27,201,4,325,407,265,36,13,426,213,159,117,105,31,42,98,21,17,335,147,418,72,123,346,66,41,143,222,175,187,258,326,462,214,65,70,16,404,334,307
330,57,439,438,210,167,407,292,215,253
14,442,453,51,27,132,399,161,5,163,244,443,500,471,130,156,455,492,169,331
129,294,418,456,149,98,226,296,168,367,256,314,463,207,436,26,42,395,245,486,148,433,30,35,295,139,316,43,191,173,200,24,249,225,126,427,337,63,475,254,390,266,92,374,482,362,351,45,44,20,305,157,336,76,356,211,269,116,396,3,324,312,81,248,426,27,119,252,277,162,452,25,219,330,399,118,331,6,186,80,391,133,276,47,28,77,11,106,110,289,354,485,229,169,56,195,318,327,212,483
151,391,292,26,464,167,83,274,407,271,53
259,263,385,258,378,80,146,301,500,318,304,127,177,289,10,28,420,494,145,20,143,104,375,158,186,426,423,354,68,215,21,341,122,292,160,439,78,207,284,452,269,149,340,435,26,483,250,388,159,325,347,401,228,81,321,2,417,212,115,367,285,101,234,490,482,380,361,283,338,54,386,275,346,75,196,282,427,204,397,345,151,42,216,314,266,126,312,48,327,242,332,150,170,201,30,185,171
189,192,430,166,211,275,237,193,57,132,87,271,15,197,321,475,495,310,284,65,493,223,229,107,231,415,386,98,47,122,447,186,151,412,357,381,270,273,209,312,293,325,260,104,302,496,359,393,10,432,168,34,364,300,297,71,309,205,82,467,361,109,2,214,230,313,421,218,372,42,13,362,173,462
416,279,356,256,459,191,427,91,335,314,93,215,422,418,31,63,399,194,332,445,368,329,210,143,15,488,49,132,168,447,59,287,361,421,71,325,333,1,331,159,89,336,408,151,177,475,108,123,288,305,373,36,16,460,51,341,309,269,9,458,258,18,273,429,381,436
179,298,387,333,362,339,467,176,30,155,451,391,143,113,195,104,492,360,466,326
411,399,217,334,184,183,374,83,109,220,230,115,187,232,33,395,289,353,91,328,63,139,154,451,73,107,476,462,221,270,164,337,234,357,280,239,419,293,72,366,67,486,131,71,137,365,151,60,163,94,198,477,489,344,464,117,95,25,97,385,398,377,354,27,341,381,250,397,422,291,336,86,79,315,285,3,350,370,123
342,267,318,466,271,495,292,293,326,481,77,200,213,59,156,190
371,305,387,429,297,457,1,283,42,393,242,486,372,95,24,44,25,410,237,225,308,14,421,365,434,151,102,209,310,114,234,300,32,298,112,332,160,43,398,255,214,26,479,437,302,201,54
149,369,58,485,53,96,399,7,273,476,387,307,415,339,85,434,32,34,430,100,24,337,188,407,354,417,314,156,290,450,272,54,464,375,438,376,331,20,171,186,213,226,77,98,222,158,6,15,309,344,1,197,40,190,218,234,108,27,198,265,444,477,216,29,268,168,252,17,46
40,1,165,219,412,280,322,284,297,340,313,460,315,139,319,265,10,356,93,130,58,248,393,121,499,270,475,336,241,32,457,405,29,82,353,127,243,86,371,37,168,429,452,285
499,46,391
98,96,228,414,499,285,495,438
438,11,142,311,97,252,492,287,422,183,218,119,337,107,382,191,212,206,253
497,54,167,413,464,320,410,351,229,23,168,399,277,317,178,294,258,373,298,193,236
448,54,363,3,120,444,427,50,436,126,232,367,109,113,346,88,67,163,175,409,44,108,261,380,295,302,334,468,423,220,319,69,466
9,237,435,295,316,301,23,242,53,118,60,313,122,470,160,58,442,38,351,245,475,134,121,221,308,500,287,317,34,488,210,487,489,463,458,446,290,258,399,395,341,403,363,459,318,422,158,330,13,370,129
37,61,169,323,209,125,59,471,334,395,260,374,402,423,368,329,166,479,296,243,116,416,339,372,378,254,336,317,89,431,1,490,172,94,255,6,469,234,271,57,200,266,406,349,147,178,319,111,459,247,183,188,167,385,442,53,85,285,360,356,299,4,282,33,132,215,388,223,320,393,105,115,277,333,238,373,343,281,104,482,414,303,272,206,405,458,314,354,257,499,340,46,325,364,425,155
74,441,265,40,220,59,144,191,50,288,234,375,176,318,91,475,359,280,261,162,42,393,403,332,405,183,297,43,22,451,56,467,140,497,391,164,208,363,206,92,339,484,82,307,216,412,272,205,291,286,402,79,55,119,337,228,154,38,282,181,182,225,347,223,420,169,129,404,369,33,109,316,145,173,325,195,358,126,207,153,329,229,184,123,232,341,218,407,301,141,103
415,65,122,374,494,30,332,284,283,448,366,338,136,377,236,346,43,158,271,411,310,480,216,221,148,495,326,385,24,99,129,123,168,459,245,279,308,409,489,444,88,235,321,419,340,103,483,446,70,108,222,97,174,309,434,422,291,7,240,368,42,461,149,304,153,181,237,437,406,342,8,206,161,458,100,107,370,233,353,477,172,311,87,205,466,56,186,399,66,143,492,460,102,282,67,239,257,9,405,22
390,477,299,114,206,304,32,47,81,10,72,296,175,240,403,453,361,134,362,245,237,342,442,31,417,15,450,128,405,376,182,482,420,454,387,293,500,203,401,324,184,233,252,227,222,121,373,137,207,494,157,152,391,3,236,140,318,490,146,158,155,95,366,35,60,231,89,372,279,185,392,18,303,312,280,77,408,133,62,217,126,92,445,167,45,241,205,340,111,277,209,220
162,437,450,232,211,329,382,317,461,249,286,379,193,179,412,234,263,90,345,49,264,115,334,102,466,50,353,383,266,133,349,365,199,363,371,152,125,427,422,192,154,380,302,310,256,15,150,355,107,260,181,216,361,190,75,458,121,148,30,78,46,180,198,165,270,251,32,278,97,157,325,495,95,462,497,465,135,289,104,391,471,322,468,220,164,408,399,123,472,171,331,18,400,12,299,447,385,58,66
336,97,201,440,260,211,443,328,404,166,311,444,343,491,16
151,154,121,159,79,333,101,16,451,233,486,243,458,414,90,171,461,161,300,116,380,7,197,179,338,226,393,85,87,100,288,433,297,99,389,19,416,136,342,381,2,353,232,134,490,351,61,155,328,443,135,497,319,222,50,44,235,447,231,111,331,320,276,406,368,446,269,378,52,403,437,6,107,469,188,409,237,275,34,287,160,459,394,48,66,193,267,424,194,365,39,123,340,473,317,254,76
101,167,480,185,2,264,100,241,284,146,427,148,190,270,193,149,64,296,69,19,283,448,472,323,45,123,352,47,451,417,206,243,375,151,413,255,249,156,319,26,168,351,207,88,106,198,62
266,331,84,131,64,42,461,478,77,87,66,414,463,383,488,62,397,317,105,35,302,206,399,381,242,48,428,454,23,320,272,301,402,234,435,202,195,37,354,220,423
487,307,113,20,462,443,219,240,372,18,471,122,323
254,346,305,36,13,393,234,219,364,211,380,111,363,472,430,161,122,228,239,338,410,311,474,78,186,370,3,262,70,261,366,290,444,164,437,108,105,460,482,115,193,194,129
173,221,447,499,414,142,126,51,319,441,98,81,112,17,13,154,256,431,152,393,264,473,360,11,291,123,234,423,209,93,200,160,157,78,172,286,119,61,225,135,461,7,14,326,297,460,363,479,444,92,147,129,408,418,235,124,250,290,404,108,64,269,401,46,302,409,389,335,146,69,150,426,258,280,365,96,199,202,358,288,177,383,338,279,48,270,66,224,459,359
227,1,323,331
369,48,197,449,453,268,126,393,24,437,124,166,457,62,345,477,210,243,281,299,77,384,83,470,327,346,355,368,494,4,342,32,404,153,474,335,99,255,11,322,194,458,326,93,155,123,396,338,245,225,76,395,81,288,276,157,133,406,55,481,143,103,374,272,36,400,96,413,148,386,329,391,79,238,490,466,219,280,425,90,433,159,293,146,462,356,479,22
300,441,394,434,325,343,329,68,420,330,457,475,368,73,486,332,222,365,416,499,370,132,4,158,212,245,398,447,238,444,155,333,443,125,376,483,251,178,74,129
200,423,393,217,377,6,125,433,447,92,492,459,326,76,106,126,46,329,472,335,420,369,150,467,399,275,112,327,468,318,453,479,191,22,265,60,50,166,13,48,421,410,61,71,483,230,137,302,143,197,108,44,65,131,75,389,493,396,448,127,182,98,456,365,273,54,336,402,212,390,116,461,343,344,103,328,95
165,299,446,244,130,93,160,182,488,213,453,398,304,90,28,7,354,402,128,249,26,410,438,145,476,481,175,317,499,360,483,152,205,234,436,237,247,341,203,229,161,424,33,365,420,191
85,133,50,222,488,87,43,307,205,97,417,487,245,77,29,210,446,46,23
304,24,386,346,362,161,288,39,396,322,342,497,12,192,416,443,315,341,480,151,128,411,97,295,349,61,271,375,8,234,167,357,481,153,95,397
474,310,309,138,51,58,176,208,338,332,395,263,206,73,439,160,472,151,374,224,129,108,455,90,60,83,183,470,225,259,282,373,182,450,487,49,25,421,235,96,353,147,231,446,87,271,357,189,424,435,114,220,144,246,315,161,393,410,15,441,429,335,40,383,415,323,451,118,261,241,390,131,375,136,370,284,22,91,250,405,448,170,3,412,153,128
254,373,358,46,41,76,298,161,209,206,477,471,447,343,194,157,375,340,90,125,484,480,390,370,421,31,240,293,414,169,364,13,425,433,185,61,178,154,440,107,152,205,108,37,476,382,51,134,75,204,190,195,184,48,423,494,455,127,63,320,495,81,73,29,350,497,488,410,318,294,60,279,269
323,31,78,473,266,90,207,192,293,278,198,452,457,440,489,220,139,137,113,144,92,143,477,369,436,337,81,4,129,276,478,156,350,363,382,33,76,101,448,3,72,470,269,67,233,468,127,194,117,315,208,23,232,130,445,292,318,13,322,345,284,300,372,326,75,158,132,356,68,362,35,176,417,216,211,99,37,66,229,403,234
118,8,57,121,388,139,423,78,335,385,442,218,41,347,36,413,98,354,483,488,403,331,440,82,73,65,473,283,455,433,241,167,4,443,303,420,15,298,160,175,317,32,219,263,431,54,456,169,395,184,229,125,333,417,16,338,19,386,212,427,268,3,475,373,119
141,279,436,27,309,16,422,479,160,179,495,200,13,275,102,21,55,84,5,107,453,396,225,327,358,311,359,455,173,171,424,245,124,484,457
394,136,49,471,59,317,237,322,278,407,181,238,167,401,116,60,449,306,303,309,294,147,38,43,463,287,310,469,472,282,108,330,170,214,186,269,138,159,409,382,123,298,436,104,33,173,273,188,335,305,243,325,46,441,54,34,465,498,372,355,226,258,343,313,42,97,426,417
170,183,500,387,339,444,77,297,244,407,123,85,325,47,298,194,344,258,272,245,132,200,5,256,63,190,238,473,342,119,278,471,100,269,52,481,363,2,167,84,126,116,280,285,361,88,490,378,439,288,416,360,436,141,72,202,12,236,358,459,101,409,419,282,160,474,240,9,354,15,67,253,93,212,187,494,36,179
381,312,231,408,236,387,147,81,119,297,335,342,150,293,123,207,419,18,264,227
328,412,90,41,204,159,377,393,350,284,225,192,97,282,364,302,347,429,260,481,403,103,47,446,160,240,157,36,201,236,333,267,473,224,269,258,49,84,401,174,60,153,202,343,458,259,488,136,290,106
19,315,284,99,135,189,398,148,370,68,281,403,169,391,359,39,481,12,119,482,238,446,240,218,111,133,477,262,247,177,439,389,390,412,126,82,271,33,304,102,122,250,3,274,106,232,227,453,137,208,151
407,347,195,388,379,113,45,392,193,394,247,230,478,370,22,408,33,123,462,482,281,480,445,298,382,126,202,118,323,240,356,82,449,145,93,266,418,351,278,484,163,429,489,39,198
128,286,468,83,123,131,88,86,164
498,340,406,92,447,7,98,234,221,125,111,438,417,432,471,108,480,268,420,387,13,404,193,165,20,65,366,179,493,487,416,22,254,82,390,80,270,73,101,35,499,347,100,363,162,99,418,240,425,115,33,307,55,321,166,213,459,482,470,44,138,188,472,478,290
5,102,461,255,177,354,315,376,369,184,487,264
330,425,252,423,26,495,336,19,39,298,174,231,448,152,365,445,214,312,463,43,7
478,420,111,437,96,361,143,272,356,182,197,392,324,349,21,156,336,171,390,167,25,432,138,38,131,137,475,369,78,222,189,90,54,441,410,51,129,396,250,228,56,50,334,86,306,288,407,443,472,270,114,490,452,59,94,184,251,57,351,500,435,488,92,382,133,164,296,461,174,430,468,275,398,72,388,219,209,80,403,233,350,193,60,49,61,42,289,130,68,221,7,259,421,342,357,347,283
81,428,481,343,46,208,328,137,354,64,178,373,16,357,291,264,65,134,433,167,480,367,484,127,276,277,267,262,30,345,141,452,7,202,384,59,438,6,368,408,164,12,369,307,96,310,145,436,275,285,333,388,17,355,37,109,121,422,334,94,353,460,241,250,41,300,295,124,272,305,176,495,85,79
13,470,167,273,343,170,280,345,160,370,28,462,360,285,436,216,117,405,332,77,34,443,22,350,74
395,20,22,489,497,401,120,322,488,321,239,169,113,360,97,45,286,316,290,217,230
360,288,433,491,475,315,350,396,438,276,464,250,210,79,351,481,118,226,468,180,318,473,86,456,324,345,482,220,426,400,8,311,224,453,275,495,208,135,215,294,445,237,182,378,85,77,174,94,192,459,352,190,334,290,450,142,353,7,296,16,460,121,168,319,89,455,21,88,181,287,379,429,19,84,377,47,263,217,196,376,388,259,415,201,349,78,447,413,45,485,254,331,342,408,333
409,486,157,189,129,14,401,107,62,41,250,424,386,307,19,347,375,117,500,166,348,44,205,206,46,161,351,283,251,177,187,422,105,67,203,299,297,397,83,280,193,331,69,335,453,262,438,162,101,494,467,59,290,311,12,61,143
372,374,331,294,499,128,144,99,381,286,432,256,232,407,263,90,235,478,270,488,62,304,244,111,458,230,236,468,137,160,360,20,73,365,154,129,306,140,30,186,259,404,399,460,284,446,261,15,135,22,353,207,299,141,386,364,436,226,115,379,130,329,332,262,474,86,169,438,222,34,486,156,350,181,104,145,151,14,212,392,464,163,428,84,340,76,327,89,101,208,290,425,63,493,406
138,42,395,82,174,10,196,53,318,402,347,9,144,73,16,399,166,170,474,155
357,420,342,241,458,440,400,234,183,22,96,12,179,104,409,91,277,497,45,286,301,14,470,487,200,50,7,321,437,266,18,363,5,302,362,455,288,466,38,481,399,345,429,387
484,459,115,455,64,140,481,298,461,490,38,84,432,451,421,491,40,9,218,319,180,25,35,452,282,130,380,110,418,456,339,333,168,29,169,188,478,220,75,386,395,3,2,102,21,203,235,234,405,375,391,392,328,199,6,1,327,263,31,83,305,120,198,299,401,246,489,159,334,500,37,398,336,337,185,132,453,171,197,344,242,411,285,150
314,384,327,43,110,280,41,456,71,380,442,455,383,333,325,155,284,317,449,168,297,152,57,367,430,142,107,24,305,334,411,102,272,399,373,371
151,368,122,365,188,297,361,103,353,385,433,408,191,341,4,261,257,440,205,383,281,89,289,237,469,488,325,390,442,290,9,204,266,316,192,212,51,160,399,201,66,97,24,420,48,457,139
431,74,275,353,474,422,443,48,5,94,98,456,121,486,448,349,31,388,25,423,284,141,93,224,99,498,163,301,84,295,172,340,68,336,133,125,51,333,364,380,127,391,402,226,376,379,273,366,330,321,146,439,221
147,13,2,181,93,190,266,471
223,121,203,102,104,96,24,158,242,432,456,281,3,92,429,351,257,22,160,172,73,258,338,179,320,11,363,228,267,328,118,200,348,471,323,233,271,300,241,487,26,386,195,105,87,259,69,453,401,156,209,423,7,208,425,321,482,437,373,384
370,495,210,347,128,179,46,265,1,320,409,234,283,223,415,380,421,69,25,368,52,398,315,227,154,192,209,123,90,359,16
360,359,89,264,20,297,287,128,125,450,83,133,286,402,222,35,399,126,151,262,350,172,228,345,95,246,364,284,28,140,5,63,221,313,219,149,233,82,371,400,139,196,401,491,103,429,337,99,499,13,365,498,97,70,422,44,290,476,302,258,200,452,479,164,111,305,98,10,474,61,435,324,118,231,43,268,380,418,463,323,367,209,230,94,241,160,74,245,275,442,198,411,387
436,192,458,328,263,409,389,47,160,361,283,141,376,313,385,292,222,472,457,221,424,134,388,487,438,96,63,130,162,249,137,464,82,175,319,240,145,467,482,366,23,29
13,252,400,246,351,48,208,308,210,253,137,240,375,440,204,483,80,381,12,215,150,495,325,168,223,410,140
498,24,463,266,64,136,500,240,397,296,446,427,492,490,373,388,291,55,340,336,459,322,115,11,417,309,207,221,321,228,200,250,413,304,48,353,8,412,158,193,284,1,216,391
475,105,79,204,398,312,374,444,306,377,419,480,485,413
114,460,344,35,45,180,159,236,139,17,288,476,352,346,487,57,327,283,462,478,75,437,299
169,492,326,295,392,197,464,209,477,86,316,324,6,495,475,100,269,400,427,388,173,76,110,395,257,188,105,335,264,63,454,88,160,423,94,341,435,270,308,271,192
456,159,248,142,89,40,420,476,223,471,289,100,61,434,285,166,350,104,421,417,431,390,81,230,290,128,235,406,187,276,362,270,48,82,317,492,74,86,448,490,452,244,96,57,31,261,129,13,252,460,201,272,76,222,293,233,479,280,28,337,6,472,373,63,130,320,5,2,464,491,262,440,64,156,43,411,352,458,171,184,422,204
173,284,343,353,157,80,162,255,329,29,448,274,217,119,469,391,159,72,278,439,357,113,199,464,147,401,318,395,456,18,498,201,338,28,81,117,430,239,139,124,90,85,241,197,70,191,467,482,131,160,332,234,378,181,387,225,363,142,364,438,285,382,289,126,7,244,444,95,210,166,182,366,184,418,200,106,9,32,203,261,359,350,56,333,341,112,437,40,220
32,281,331,480,81,217,199,73,359,490,289,50,129,497,154,140,157,86,424,254,99,401,436,89,365,407,268,338,226,22,318,191,433,82,494,69,354,190,368,302,425,303,182,438,75,349,390,196,65,76,223,315,13,244,495,49,457,94,467,169,178,409,400,90,248,212,427,271,406,63,360,432,166,266,117,28,221,152,201,240
69,257,405,248,289,487,133,226,158,249,204,77,66,320,79,294,278,107,398,100,87,110,119,90,6,33,389,80,404,489,426,482,141,373,312,198,229,486,157,295,96,298,391,380,494,43,224,37,50,254,159,499,36,18,94,109,281,418,188,95,147,458,34,103,387,104,116,231,323,297,269,390,16,47,251,285,300,431,334,445,419,420,108,337,190,478,369,183,211,361,106,407,164,29,488,477
254,461,301,402,387,310,158,275,146,243,286,203,233,175
248,347,240,416,423,368,426,120,104,286,44,215,390,453,54,264,471,279,75,164,175,257,420,33,123,31,49,332,421,425,210,180,282,131,458,322,323,391,334,151,298,270,463
219,385,120,169
294,170,150,3,493,145,363,265,155,19,179,21,134,409,194,198,216,50,389,169,244,180,340,353,72,380,189
375,199,365,119,401,432,301,456
116,352,399,424,493,472,229,91,336,417,226,260,172,354,266,175,489,5,19,152,356,122,188,436,195,137,221,473,360,98,368,83,127,486,115,3,29,406,461,398,46,158,204,139,164,437,236,2,273,355,157,475,61,168,33,138,238,32,149,125,65,318,329,345,227
488,227,445,499,84,403,422,253,485,3,177,458,209,24,435,267,254,446,270,98,86,240,304,357,368,496,452,170,211,355,179,199,172,204,434,217,415,427,236,202,251,376,78,432,152,137,13,114,112,366,212,97,365,437,26,325,284,92,8,32,34,239,105,142,476,93,263,300,500,193,160,4,6
401,264,319,440,198,351,294,354,449,289,178,160,16,373,244,22,90,296,448,482,395,239,342,171,299,310,320,150,61,356,473,367,111,326,307,280,84,288,459,131,2,222,396,70,220,321,278,442,435,133,207,98,35,102,82,99,237,249,126,431,175,375,290,19,339,421,118,291,436,187
105,371,383,360,400,96,345,411,211,485,166,49,242,483,3,298,127,266,430,362,248,19,296,51,144,82,139,36,155,307,392,167,353,161,355,191,315,197,7,469,104,232,318,428,481,74,168,304,98,325,112,281,498,422,157,200,78,429,186,16,73,410,283,48,113,236,39,342,129,86,460,293
250,182,300,196,456,205,331,368,88,109,266,118,246,70,204,76,335,485,230,435,71,103,235,353,410,10,187,6,447,113,445,279,286,158,270,329,428,412,66,491,284,105,395,32,169,346,490,259,461,352,200,457,238,251
78,490,76,300,40,250,400,373,351,340,476,21,159,220,200,323,467,358,390,339,95,217,361,205,194,444,209,42,354,44,166,81,143,312,310,322,295,263,410,123,282,283,131,147,102,453,105,468,49,348,344,307,255,173,93,493,273,68,82,35,345,441,112,242,408,442,274,484,176,148,402,57,452,336,70,454,1
211,42,132,103,185,158,57,428,301,369,282,157,77,354,191,415,140,466,414,215,183,218,303,64,295,307,167,452,471,392,367,236,362,305,142,407,265,206,330,122,69,188,53,102,24,143,51,81,475,210,110,273,97,208,372,230
489,24,185,371,31,477,495,156,3,250,218,391,348,284,260,58,77,453,268,258,333,468,173,181,5,483,122,72,166,305,25,467,308,195,443,147,241,493,425,37,191,69,208,118,238,9,188,454,33,334,54,311,225,56,479,354,210,112,408,229,192,117,325,257
141,392,8,190,428,469,457,442,215,137,71,233,35,497,15,337,122,449,299,338,359,344,52,150,178,452,175,470,62,51,379,268,385,186,290,183,475,109,490,59,412,354,196,160,4,339,276
358,8,373,6,220,253,32,219,70,149,1,360,272,343,9,381,482,242,139,428,498,33,100,472,444,91,81,334,20,417,389,433,356,215,226,38,414,423,222,104,61,372,53,298,494,79,106,307,344,489,142,173,24,241,339,103,180,213,25,480,221,199,436,380,281,111,331,431,305,189,259,255,326,170,404,261,282,120
