181,66,214,29,250,2,237,12,30,7,46,155,139,201,59,271,97,180,15,165,185,197,120,130,238,39,261,148,280,26,118,247,81,267,265,138,71,281,150,230,140,88,93,102,14,70
225,259,193,11,188,253,271,114,217,34,203,227,159,131,135,158,113
208,48,119,35,152,128,206,47,40,108,274,37,178,5,28,65,260,268,95,254,253,180,112,136,9,94,34,50,132,104,139,184,39,24,22,177,19,153,133,259,142,117,218,247,251,137,201,97,276,57,11,126,262,162,267,131,69,246
244,130,241,165,242,279,234,220,141,2,249,86,199,58,100,225,248,148,22,160,94,48,132,72,137,105,206,176
210,204,93,95,222,5,241,79,11,165,209,227,114,62,58,178,150,13,250,47,161,73,221,30,213,143,278,189,226,268,177,201,224,52,260,17,109,262,105,251,172,267,121,263,122,264,230,99,69,245,87,41,129,127,9,219,107,179,120,61,108,137,190,145,49,115,200,6,154,126,186,144,24,184,132,175,272,163,67,199,134,64,88
51,186,149,184,54,209,172,98,91,81,138,53,168,194,103,166,173,8,30,251,16,261,15,27,122,95,128,34,143,56,222,111,245,236,272
17,192,244,160,234,21,198,221,276,250,3,50,78,212,52,4,168,242,130,238,109,215,20,90,71,216,82,195,120,174,30,217,235,116,127,58,75,172,263,177,253,47,121,211,2,279,218
156,25,85,39,173,86
143,21,70,137,87,140,184,74,198,9,19,231,151,243,115,37,62,88,85,123,228,227,131,141,258,154,16,170,147,254,3,11,202,126,186,250,173,150,56,5,24,66,187,207,247,84,29,185,57,200,97,236,119,278,128,98,82,136,163,213,246,47,121,281,55,188,102,45,229,175,276,155,160,36,146,167,144,180
217,166,204,62,277,120,61,145,245,229,108,203,154,164,263,202,3
79,27,166,16,270,192,129,138,22,253,9,125,208,176,178,69,46,279,226,126,121,234,122,275,133,214,12,103,160,245,271,104,186,53,111,1,219,118,84,98,161,85,257,73
35,174,158,130,166,63,204,96,121,215
69,42,135,12,143,196,97,169,91,209,231,202,21,193,263,77,57,115,27,99,112,35,75,142,197,53,233,83,50,84,137,228,3,13,146,216,269,239,136,170,104,125,227,6,152,100,2,279,274,220,23,66,176,185,159,28,124,26,268,19,222,107,7,278,119,249,221,188,86,44,245,51,8,183,98,192,14,111,208,207,132,81,254,88,31,236,248,160,242,194,48,186,270,11,41,87
177,94,226,231,45,147,272,28,109,8,19,82,144,1,187,34,240,263,123,273,18,221,261,119,6,135,259,159,27,20,41,230,151,101,205,171,62,145
224,140,129,150
251,15,231,24,122,250,271,106,18,134,126,46,154,201,242,279,274,230,216,146,67,98,92,199,262,14,140,141
125,133,26,65,198,143,33,96,154,208,189,115,132,22,136,102,236,60,111,171,145,161,16,212,123,14,281,277,112,252,235,170,129,91,15,124,134,187,201,196,233,144,157,24,269,162,117,45,39,280,217,202,266,107,63,240,192,18,172,52,209,257,199,244,82,119,62,150,165,71,104,12,147,168,106,88,35,122,234,23,141,222,177,193,114
40,65,275,267,174,136,154,49,145,113,116,30,222,42,141,249,262,280,164,55,127,111,181,41,51,196,157,252,144,97,161,12,208,205,238,105,79,143,77,255,112,73,263,188,129,17,22,217,253,206,80,210,117,110,257,156,239,155,44,82,160,45,133,273,278,74,254,170,81,224,107,234,186,90,279,198,159,199,21,131,178,229,246,215,88,250,184,147,29,216,228,268,266,84,32,86,68
264,72,182,196,30,168,260,180,253,165,203,157,54,91,133,135,189,1,84,21,12,136,93,127,49,95,276,32,106,101,67,227,155,191,71,277,173,39,63,3,279,212,52,141,137
30,25,268,200,208,229,183,112,34,123,237,273,105,72,181,148,155,222,117,240,251,42,41,113,149,124,269,82,233,180,95,131,239,24,33,63,164,19,66,38,150,271,147,258,161,143,194,213,130,15,190,114,255,27,26,189,276,253,37,77,259
129,92,165,150,77,241,217,273,94,79,101
90,116,8,9,270,220,247,144,83,79,242,96,200,223,19,45,263,12,111,219,50,215,218,74,229,37,191,151,225,91,216,113,275,84,85,197,32,110,239,94,15,176,163,124,138,209,188,53,212,98,226,195,3,238,157,16,153
216,191,280,115,254,82,172,205,190,30,45,206,94,211,143,202,255,106,63,237,230,193,152,262,121,276,36,40,26,72,6,54,8,268,119,212,199,264,52,124,127,234,51,163,270,136,225,4,81,157,223,196,61,99,182,171,231,153,14,228,162,258,110,146,213,244,24
116,105,173,31,256
278,55,25,244,187,46,176,133,228,108,129,162,90,39,202,231,171,269,263,245,161,71,27,220,21,125,28,22,268,246,15,9,227,233,37,217,258,41,80,11,243,102,267,88,141,119,250,234,151,137,34,198,274,112,43,203,19,93,273,239,68,4,145,69,255,143,144,157,264,66,261,8,253,89,115,272,173,262,75
70,56,165,98,266,75,250,267,147,264,276,270,8,63,85,101,44,252,174,133,155,141,182,189,179,209,176,128,71,196,158,162
127,2,66,90,42,61,137,57,13,182,184,252,121,28,250,86,63,6,239,97,251,126,204,261,72,23,125,181,272,81,27,78,116,155,29,260,185,175,265,154,255,91,8,160,179,124,264,177,206,218,5,276,70,163,230,24,203,258,131,99,180,257,216,271,170,108,7,96,80,82,256,198,281,253,245,22,135,220,146,214,166,195,234,280,233,189,134,21,35,33,266,69,210,144,1,224,219,95
256,272,98,94,62,235,124,121,109,200,227
211,186,272,143,248,87,206,59,190,1,73,3,249,36,110,97,123,167,129,49,82,199,216,180,114,168,247,194,27,117,101,124,165,208,166,34,256,230,57,70,267,47,106,66,14,178,254,96,60,83,45,241,62,40,21,213,198,125,140,38,151,133,219,18,202,116,58,277,142,214,111,138,41,253,55,233,259,155,158,257,77,243,279,192
97,239,156,253,118
244,47,232,245,117,54,182,71,219,124,4,89,64,132,181,278,120,214,119,31,65,24,254,258,201,18,152,198,147,210
211,55,151,14,160,82,59,215,205,138,57,223,114,56,125
99,196,59,259,117,56,278,73,281,188,238,36,232,79,142,253,34,273,227,225
50,170,219,241,71,207,124,213,221,226,258,103,192,162,92,85,253,32,278,118,155,16,230,265,202,191,222,216,228,31,10,188,166,176,208,229,227,236,217,12,181
255,44,77,5,274,32,166,263,270,145,50,129,223,18,65,73,174,24,241,92,62,278,137,42,98,116,140,232,75,216,167,279,11,155,173,90,28,262,139,120,169,162,74,143,158,183,53,15,222,227,146,201,142,186,96,164,22,17,280,156,13,12,100,149,221,260,121,207,59,81,48,127,200
221,55,264,252,62,126,161,121,75,114,103,111,210,180,234,134,189,31,254
3,17,263,24,164,26,204,256,159,62,279,133,175,218,259,8,31,9,253,235,182,132,140,99,144,33,20,274,90,95,203,109,25,161,130,48,166,81,153,123,154,251,29,82,101,86,211,246,264,97,23,13,70,228,112,240,227,177,135,231,14,163,98,72,272,170,148,119,188,250,151,178,183,105,232,137,145,194,128
219,228,91,175,65,205,105,112,53,156,2,50,218,38,224,43
122,51,113,151,19,240,194,30,156,176,131,102,72,264,87,229,118,18,95,70,134,247,201,149,276,263,31,104,182,237,195,49,239,142,208,231,39,17,154,202,37,75,232,179,273,93,8,280,137,26
243,65,90,188,124,210,99,266,5,276,251,112,230,187,105,16,269,195,198,66,117,60,258,242,192,76,94,12,138,133,207,245,161,42,225,88,77,116,145,158,253,14,67,234,137,170,49,196,246,165,241,142,228,271,97,51,261,278,149,31,38,179,21,169,125,10,135,175,18,155,219,121,98,190,238,53,215,156,44,226,9,47,167,102,54,106,2,264
1,244,10,172,169,180,58,248,154,159,176,276,99,70,156,34,168,204,105,5,254,90,106,11,12,118,126,181,123,178,36,50,112,238,57,79,101,124,277,88,111,274,38,202,87,37,255,67,149,131,220,141,33,77,23,165,95,151,84,197,281
173,141,176,104,127,64,212,102,249,202,271,76,232,254,261,197,160,243,195,8,99,126,158,42,142,84,135,152,236,115,124,207,263,40,222,15,273,230,118,77,66,122,53,136,67,62,199,187,178,280,32,69,264,189,101,87,248,125,177,3,75,96,80,103,156,74,120,205,24,270,253
180,197,259,181,35,179,46,223,49,88,245,74,172,10,199,127,195,47,260,130,164,269,183,84,70,76,192,247,206,246,220,178,276,72,207,168,137,204,280,77,22,87,279,128,163,161,55,251,232,30,82,268,108,27,156
202,1,156,99,244,188,210,18,43,162,182,105,87,190,222,108,189,205,2,181,161,70,102,101,199
144,141,6,84,60,200,39,170,244,184,105,45,147,172,113,2,1,101,263,165,57,18,134,70,193,180,54,68,79,201,230,31,77,247,41,233,111,211,243,48,17,267,157,258,124,35,249,256,151,127,3,24,28,168,220,169,104,135,65,129,237,268,255,179,142,238,224,44,159,187,216,209
60,275,166,280,156,14,230,119,157,249,103,32,131,90,184,16,168,149,3,215,257,18,117,144,228,224,99,146,106,259,123,102,216,52,204,201,193,145,180,27,246,113,31,47,176,217,254,134,25,245,231,229,36,88,37,67,137,5,152,28,213,35,138,214,97,167,142,55,118,239,139,1,179,140
184,125,96,195,141,188,272,264,42,130,255,55,281,185,181,136,231,110,163,68,259,44,94,26,35,20,207,174,16,15,100,275,166,152,12,269,27,268,115,241,156,126,60,118,154,38,226,17,91
280,205,265,64,121,109,138,169,221,178,147,220,33,193,61,160,215,36,38,259,153,10,183,125,9,30,133,77,139,181,53,107,143,94,244,115,156,82,75,260,197,237,209,269,29,252,230,122,84,73,210,44,135,96,39,142
223,153,199,47,281,38,91,70,77,71,262,230
193,162,271,5
45,40
23,91,177,17,53,250,104,223,192,221,128,112,60,68,82,213,173,180,191,227,279,164,253,170,207,9,45,272,218,22,67,205,8,152,75,93,89,278,78,171,149,114,202,233,26,252,199,105,131,188,27,66,274,263,255,12,125,136,30,107,264
143,141,71,46,62,148,68,266,47,16,206,165,232,14,270,132,94,50,138,189,78,134,159,155,113,261
139,255,18,90,66,108,231,22,163,33,5,216,9,152,83,21,273,81,38,123,43,279,137,45,281,239,15,57,179,264,190,27,111,3
36,209,143,83,256,232,155,127,102,112,13,265,114,218,132,154,26,226,174,163,239,47,262,72,156,173,159,263,257,195,201,240,42,107,220,152,93,150,234,4,8,279,205,55,34,50,280,77,75,157,272,207,67,184,175,176,223,101,76,97,56,104,95,9,122,53,130,190,15,191,64,37,20,273,177,28,221,210,251,224,113,118,23,84,139,111,14
173,13,15,227,135,196,104,270,138,134,166,117,23,238,267,253,189,165,91,82,201,163,68,53,29,222,65,264,64,249,76,203,250,24,78,10,94,224,47,6,51,54,40,77,127,118,247,87,59,107,276,86,36,83,274,60,132,171
157,110,138,167,128,159,281,43,265,49,87,196,238,192,209,277,232,132
7,235,68,47,52,242,143,199,173,97,25,27,196,46,81,166,139,145,72,216,161
208,111,152,147,278,167,151,21,185,72,38,194,176,23,79,275,82,166,203,280,15,19,192,91,11,210,6,189,69,88,272,269,234,159,162,12,137,126,58,274,133,149,17,184,202,198,251,116,138,44,267,252,262,163,213,135,93,33,96,231,129,119,237,154,178,76,226,97
145,26,208,139,28,171,102,107,241,133,245,200,86,254,39,43,117,264,220,186,48,44,173,206,253,87,89,56,195,182,29,45,274,244,281,222,161,111,261,176,4,187,136,270,68,275,228,172,249,94,221,240,143,16,23,83,278,64,98,90,146,251,132,215,126,259,95,124,120,163,230,63,156,255,121
