148,150,198,194,229,164,117,113,26,221,45,255,129,59,270,302,234,318,23,90,301,180,127,260,134,107,7,280,151,267,81,46,21,274,163,24,292,106,99,192,271,268,41,154,273,264,222,28,171,153,47,174,123,77,257,136,225,212,288,104,237,6,250,263,152,246,40,17,223,289,29,112,5,68,1,143,91,82,215,48,206,259,61
255,91,90,284,201,139,237,93,4,283,87,188,205,183,95,160,210,190,278,302,116,159,135,23,223,48,228,136,115,280,57,110,202,177,30,17,241,80,154,244,191,54,105,7,155,192,303,222,65,72
205,167,246,136,103,10,100,94,231,215,206,279,25,51,219,195,307,143,31,281,182,9,86,144,24,235,225,38,88,52,285,55,295,283,53,73,62,15,230,101,18,142,244,239,238,212,126,168,113,69,193,151,110,93,272,185,255,298,302,137,133,291,293,186,60,111,218,165,243,217,299,157,134,158,138,248,16,241,33,59,191,75
128,154,76,183,302,288,89,156,47,314,258,127,99,269,79,246,172,279,212,117,84,242,42,147,198,168,27,29,200,235,257,291,13
281,230,130,149,21,74,222,73,272,221,301,225,56,77,289,120,12,66,226,254,180,98
294,124,181,136,254,212,158,95,302,17,282,230,18,113,183,223,318,61,316,241,297,154,267,130,49,11,116
144,100,230,313,288,142,50,312,28,79,185,276,212,274,67,21,174,38,294,214,54,160,52,200,42,22,260,33,69,210,55,105,125,170,71,65,222,308,30,90,236,296,16
117,54,85,254,285,242,229,239,74,241,184,16,261,157,153,155,9,314,282,275,311
151,45,140,81,129,213,150,27,20,169,162,248,1,6,167,87,38,249,312,306,297,196
27,176,10,235,134,12,205,15,50,310,140,226,6,277,283,17,262,8,131,127,221,4,24,136,51,189,114,20,219,259,18,158,206,249,272,157,314,265,162,296,242,159,240,270,295,91,118,132,243,82,264,73,178,105,28,248,83,236,77,39,69,7,11,88,147,160,224,123,121,2,222,71,292,57,288,3,250,103,64,45
311,101,269,145,79,278,315,148,103,213,279,272,209,229,257,54,260,246,219,12,216,160,59,207,248,19,182,64
150,46,72,101,104,154,4,242,6,219,20,61,93,11,59,52,138,114,235
121,2,268,42,41,71,301,299,49,199,295,108,166,312,74,222,17,241,258,28,182,230,149,7,143,288,310,231,257,189,201,260,239,223,123,122,141,261,200,172,9,19,165,238,221,267,59,287,177,234,148,215,187,290,157,250,147,161,183,106,31,22,281,44,33,110,99,237,96,303,313,274,46,113,173,128,18,156,82,218,127,214,112,253
259,130,160,78,276,289,67,178,34,61,310,66,81,139,30,188,68,298,206,217,41,92,24,51,85,314,190,299,246,87,297,46,213,227,268,64,127,2,45,248,181,121,75,293,65,280,185,208,271,173,108,11,313,115,109,201
110,208,60,304,125,54,51,225,114,302,253,213,217,305,309,14,275,101,257,259,256,66,290,244,93,63,233,191,128,195,119,29,83,17,209,262,11,7,265,115,85,75,159,227,183,73,18,136,138,35,53,19,129,176,64,178,200,260,109,32,180,69,153,139,118,164
71,45,244,218,85,122,193,257,165,232,48,156,44,248,4,110,143,198,223,144,188,234,270,313,63,204,148,18,221,6,101,72,275,280,95,40,75,139,100,145,34,128,305,225,142,62,222,289,123,190,80,10,311,52,277,58,67,33,316,42,38,7,303,79,194,237,246,25,231,256,224,136,183,12,97,119,31,269,163,164,197,157,308,106,120,13,56,99,250,153,11,30,245,187,181,312,261
93,275,250,210,112,167,12,19,305,122,247,59,180,171,181,256,264,71,184,49,294,108,279,313,270,182,7,215,293,164,312,233,311,318,91,287,261,315,203,145,116,241,263,276,273,113,169,63,314,295,255,76,303,217,316,229,266,240,165,174,35,245,118,2,10,137,304,196,281,61,58,54,175,307
160,280,122,282,65,231,18,289,141,140,85,258,283,15,234,154,221,245,205,14,127,96,25,145,134,185,156,80,170,277,272,186,148,48,225,161,72,293,181,55,110,240,33,222,27,226,17,261,279,201,115,143,3,168,4,312,75,310,70,54,284,309,105,251,102,263,37,183,212,113,12,87,137,67,252,8,106,276,147,223,157,214,246,264,271
308,58,245,284,37,246,5,53
171,231,34,224,167,193,106,11,141,314,277,296,151,104,270
192,299,312,180,218,311,127,194,131,278,201,145,162,86,227,122,257,202,85,28,102,42,96,298,163,109,263,274,175,182,188,196,76,57,48,189,222,279,179,184,255,285,138,304,231,21,88,97,258
181,309,160,207,312,183,284,134,235,202,76,273,32,270,223,34,8,174,132,231,195,238,22,158,201,244,152,290,15,108,125,159,6,225,189,172,129,266,144,279,77,2,261,241,128,45,43,311,292
230,176,128,245,118,149,107,38,190,28,72,242,295,85,290,98,62,305,314,79,168,127,253,202,285,83,200,55,171,41,7,318,116,18,259,195,278,110,204,134,113,60,165,291,44,246,240,258,286,105,298,66,264,256,47,61,205,64,51,88,94,274,59,194,243,104,235,292,31,170,226,288,68,250,261,139,125,280,145,87,275,2
23,270,173,75,221,89,281,161,36,12,194,193,298,93,112,175,287,238,271,43,131,62,229,286,21,301,117,79,204,40,119,139,240,205,288,140,128,186,284,316,86,292,269,295,134,182,257,181,314,148,227,84,95,258,279,165,142
22,106,105,50,84,210,234,206,113,127,5,167,244,6,102,277,208,316,306,164,72,245,290,189,37,48,260,86,14,77,311,36,29,38,275,88,78,318,54,39,256,211,232,70,147,76,27,179,49,191,176,94,226,13,268,25,163,82,222,21,132,31,56,145,302,110,259,265,155,18,128,92,62
113,311,281,227,64,29,268,262,138,104,88,39,23,303,184,243,152,131,185,239,179,278,193,151,51,196,10,259,241,3,109,292,35,194,264,248,158,297,210,19,130,20,316,153,287,80,232,77,238,50,315,112,266,277,217,125,65,289,218,157,219,145,213,94,195,55,312,142,254,22,286,180,235,135,204,53,134,310,69,253,220,14,250,76,107,78,42,38,296,167
43,286,263,244,10,151,34,312,119,220,206,86,131,177,165,28,249,204,174,141,225,96,85,51,132,304,26,253,266,100,124,65,81,161,272,242,18,247
212,171,83,114,239,17,312,9,49,222,300,271,52,217,50,154,176,240,289,206,132,160,157,309,221,181,94,205,121,235,210,266,306,3,64,201,191,280,130,218,303,246,144,14,11,34,33,209,278,149,137,76,80,123,253,211,15,215,270,104,43,135,299,63,318,236,313,297,6,162,287,187,44,245,203,189,36,284,40,26,216,126,229,91
185,262,231,98,135,283,279,295,81,275,313,140,238,120,36,197,57,261,80,162,78,113,278,165,108,75,17,38,215,264,218,248,284,175,304,302,194,204,246,55,21,67,172,156,298,104,112,41,51,260,296,213,125,35,3,268,179,2,129,68,226,73,230,49,276
174,284,136,152,133,117,296,4,82,102,207,304,59,214,255,66,221,111,289,172,191,63,302,250,263,24,48,181,135,94,232,150,171,208,211,297,248,128,103,285,52,179,308,252,132
71,209,147,237,205,213,177,184,267,50,179,4,53,180,251,75,38,77,80,198,185,249,35,105,311,266,49,208
47,125,203,198,194,281,248,309,78,263,143,232,51,112,115,205,289,277,134,17,12,26,24,220,216,144,91,297,310,302,233,61,272,15,98,313,124,75,99,155,13,131,14,139,60,34,122,89,268,46,127,228,218,234,247,221,1,140,249,195,312,296,229,120,135,191,245,241,21,87,283,179
187,245,149,244,251,237,141,155,309,117,112,154,107,64,58,136,114,210,37,180,44,277,206,50,227,33,293,131,247,8,273,104,158,204,275,160,302,143,196,240,258,222,21,161,156,2,26,223,181,25,299,297,55,3,162,125,202,23,195,266,40,248,56,235,164,272,225,207,84,217,51,28,289
173,190,261
72,277,212,100,64,202,12,171,294,195,54,43,124,288,98,186,200,292,144,30,204,93,45,33,96,162,116,157
46,284,75,214,146,298,312,45,281,7,274,24,59,72,283,181,79,2,107,199,308
106,234,5,99,222,56,49,70,162,158,250,214,48,318,281,171,100,64,256,241,191,198,154,182,35,230,129,26,121,276,304,183,181,20,141,217,249,103,59,262,61,57,17,226,116,45,32,96,22,62,73,90,203,206,12,1,164,243,310,220,14,156,118,92,60,189,25,28,308,166,293,153,317,124,152,275,221,184,186,136,113,190,123,205,177,86,15,127,53,294,131,245,85,77,167,142,290
97,147,169,199,283,31,95,75,56,162,215,302,159,84,10,235,7,195,67,294,156,203,26,225,74,218,39,93,231,90,190,127,308,129,272,252,36,125,9,68,146,198,285,35,111,63,271,5,284,153,179,126,30,16,268,200,307,23,245,313
258,46,132,301,19,228,306,300,97,60,154,183,253,202,143,164,171,315,105,210,243,187,278,34,72,234,112,126,141,284,251,308,268
259,176,299,24,292,277,164,38,231,255,58,82,236,59,97,294,113,11,105,228,47,1,260,275,193,136,110,133,51,262,165,226,159,280,146,35,15,125,80,245,211,221,284,144,143,57,42,169,121,183,170,130,92,81,201,215,261,161,304,204,267,2,131,96,270,142,189,286,312,74,69,101,227,151,222,95,64,212,33,185,19,269,216,188,7,12,192,108,158,154
196,190,45,162,107,66,199,272,147,240,233,217,195,33,154,79,89,27,65,210,228,122,265,12,87,100,121,189,178,255,134,268,47,316,16,314,115,13,254,76,44,124,235,251,126,200,170,82,1,306,22,223,142,74,50,307,165,103,2,34,35,156,244,133,62,239,158,140,288,157,271,58,46,191
251,263,142,161,119,199,159,259,123,20,260,101,292,268,315,274,233,316,213,102,250,208,264,195,246,203,90,146,261,82,126,318,176,36,17,130,247,298,232,11,257,185,79,207,121,10,62,38,187,86,84,190,144,135,112,168,92,78,147,307,254,136,226,192,30,150,98,103,197,231,234,297,96,287,167,46,27,29,14,24,215,74,118,1,278,41,138,285,132,16,80,143,212,219,71,40,290,314,177,198
256,276,88,312,250,230,85,200,239,81,138,4,172,70,83,301,30,235,84,96,77,103,294,147,177,87,264,260,236,140,155,132,64,47,12,197,189,203,306,56,302,184,14,288,234,76,148,293,127,270,232,289,9,193,153
28,15,61,22,124,151,215,187,82,306,317,78,91,184,133,310,244,59,315,203,207,7,23,221,288,129,189,260,74,293,77,278,158,300,197,55,169,178,172,284,240,42,216,19,114,277,210,93,191,198,249,29,148,106,69,149,115,272
22,192,150,182,60,42,241,36,266,109,252,208,134,74,46,98,113,200,144,291,142,163,81,105,153,181,274,231,226,209,151,149,189,228,39,102,311,235,184,104,23,29,250,66,199,242,160,308,270,249,131,234,147,158,9,210,68,185,224,245,191,310,193,297,146,65,172,45,206,307,246,77,95
232,36,285,238,140,61,159,208,261,211,197,154,184,276,259,244,137,209,216,152,23,228,80,95,112,97,58,146,298,192,55,304,282,79,10,47,34,271,91,302,241,317,203,39,89,118,145,246,274,8,256,158,190,199,167,225,263,234,113,222,87,255,90,193,147,188,75,198,233,35
311,317,48,225,226,108,133,284,245
95,107,235,144,103,55,104,34,254,281,213,28,47,295,108,290,171,193,272,32,309,89,238,30,268,81,91,317,109,215,7,53,99,185,257,143,197,262,173,196,126,57,224,226,274,90,280,222,237,116,153,146,297,181,59,128,220,164,63,40,127,236,303,20,312,227,8,194,244,147,37,265,76,42,151,221,139,279,174,316,136
89,142,13,244,175,138,59,194,9,5,290,106,143,192,86,212,155,264,125,301,133,190,128,220,16,195,134,129,91,298,70,99,179,49,267,140,286,153,211,137,73,207,4,45,6,65,159,116,87,27,293,93,161,110,236,184,76,305,193
209,287,115,225,136,101,190,240,271,235,31,24,42,87,216,99,71,56,10,125,122,127,55,249,177,92,308,94,176,204,80,41,229,219,160,230,180,157,220,269
278,180,262,24,143,142,184,287,119,293,22,314,207,20,19,261,204,299,10,84,227,255,60,106,54,298,56,3,112,273,268,17,103,43,25,257,44,210,28,171,76,239,217,182,30,163,306,224,141,114,176,18,12,122,66,275,61,104,312,62,271,226,213,270,95,277,208,93,139,249,209,247,301,265,33,185,291,228,309,198,161,166,79,85,80,223,232,146,47,241,68,297,290,100,90,38,305
2,68,126,32,84,273,38,140,116,97,35,201,264,294,300,20,93,103,219,12,310,141,186,240,247,174,122,317,163,154,161,269,223,90,159,150,95,112,290,33,184,302,162,168,22,82,79,275,28,167,209,251,37,274,293,104,115,108,316,102,7,191,252,304,58,70,88,143,171,134,272,283,166,146,243,203,157,281,279,25,257,52,137,296,85,260,110,94,234,200
204,195,164,220,160,1,114,303,192,291,12,210,108,315,79,40,264,302,318,86,99,239,312,84,207,106,296
255,230,286,46,98,156,96,41,120,19,62,315,38,140,259,290,228,12,280,215,192,223,16,168,267,165,147,74,206,217,146,44,309,103,224,302,70,266,78,257,250,23,265,50,242,80,281,73,274,47,126,304,164,291,90,288,273,48,184,225,152,116,205,158,179,232,69,310,9,128,307,211,194,295,8,29,283,231
273,247,184,156,105,24,134,4,50,82,37,192,72,231,280,43,146,272,278,275,165,305,242,100,79,33,30,301,151,166,38,8,55,213,145,207,76,42,283,300,215,260,114,103,121,173,282,51,23,26,148,271,255,233,285,71,254,237,138,61,308,60,10,284,40,126,178,31,125,210,83,122,1,292,92,241,287,77,258,176,108,264,200,116,186,119,239,101,6,238
197,223,130,115,142,267,194,244,121,255,150,284,67,171,47,104,240,212,243,312,46,178,107,116,277,256,229,81,272,124,144,100,237,248,52,114,188,79,225,288,146,286,6,275,141,31,274,298,136,135,97,281,35,163,203,42,233,101,80,123,159,125
117,55,63,253,269,223,313,71,247,110,225,272,28,229,78,246,70,111,239,121,18,267,151,99,243,226,271,62,134,211,2,81,72,17,286,258,123,287,214,95,206,217,31,199,58,103,84,68,154,173,89,181,48,202,270,221,9,169,260,127,212,215,279,298,155,261,125,193,157,142,128,241,30,105,255,209,165,191,67,54,304,3
206,276,237,214,10,68,260,185,126,154,2,230,101,298,280,246,104,203,37,17,51,245,96,127,225,81,34,253,231,297,307,28,182,315,232,221,183,219,24,211,258,283,242,317,300,218,261,244,295,236,209,29,133,11,204,142,54,92,48,270,111,192,153,95,14,152,116,5,118,215,208,311,117,202,138,251,291,248,186,178,105,122,150,303,85,112,285,174,254,289,134,93,284,238,243,234,89,144,184,220
23,118,94,57,72,75,16,246,50,274,280,233,259,70,317,239,157,132,300,85,247,313,281,310,193,126,292,134,96,73,226,74,111,102,112,79,229,55,41,318,290,117,301,59,219,53,294,208,255,113,58,213,30,186,155
66,173,285,174,252,91,25,316,36,242,54,235,237,69,142,78,65,250,299,22,39,141,166,131,27,249,290,96,57,107,132,58,105
316,157,164,34,295,253,106,86,145,78,306,288,186,196,261,68,247,231,176,79,177,58,163,292,211,218,40,131,24,140,251,272,104,14,17,303,16,238,22,132,62,109,300,30,183,197,305,139,241,3,75,240,224,311,67,168,181,19,182,169,193,154,36,309,206,277,239,99,129,289,307,188,41,44,29,268,210,279,230
31,213,282,301,216,284,130,51,161,248,41,103,241,119,162,193,95,100,315,140,189,44,271,206,199,16,117,86,308,17,204,94,97,129,30,152,156
97,83,8,76,100,242,44,224,301,16,163,69,110,46,153,314,138,233,280,316,309,122,204,300,175,290,289,252,125,291,236,72
283,210,49,78,58,221,224,50,305,205,252,57,51,260,64,166,124,158,42,115,15,312,38,263,298,208,127,170,3,179,146,86,47,54,76,90,5,91,17,164,184,239,189,318,108,219,262,277,121,99,315,98,254,23,7,310
79,283,23,73,280,304,138,164,154,116,80,178,186,260,115,132,61
304,281,129,225,71,205,82,274,100,28,56,296,238,187,27,215,72,280,185,220,202,312,120,242,141,295,237,139,104,240,43,231,313,121,70,303,217,11,89,155,123,190,284,251,224,144,195,180,162,252,58,154,198,177,183,69,23,10,308,2,289,282,287,93,68,310,61,212,18,270,229,46,210,263,86,67,103,253,315,285,91,126,134,307,178,47,260,81,234,92,88,192,37,250,309
71,32,117,167,148,27,165,152,313,58,312,143,284,130,116,25,179,297,66,106,275,223,235,265,50,1,224,255,9,46,73,45,108,298,115,183,163,229,146,227,122,22,96,237,287,43,53,29,199,240,24,37,211,316,125,83,104,252,157,270,70,244,17,7,205,197,61,213,6,202,158,294,124,282,12,302,79,39,10,62,91,3,289,90,101,176,8,245,149,100,225,48,92,193,314,127,249
8,31,24,240,61,285,200,64,218,106,257,19,207,131,37,118,150,239,146,151,149,13,225,49,269,145,276,2,92,129,230,194,198,155,280,264,36,297,221,74,232,39,109,167
214,24,20,171,121,90,259,101,283,14,6,193,155,48,118,92,318,249,68,197,202,301,229,248,145,174,222,110,22,317,156,52,74,133,123,298,53,97,303,114,242,126,10,218,149,183,81,140,266,300,105,89,263,186,226,217,9,215,252,236,201,136,270,79,125,46,288,27
200,120,75,259,316,81,112,268,93,89,181,184,54,199,125,63,246,290,240,228,233,91,2,301,114,27,192,42,275,108,308,136,69,243,20,123,99,4,180,137,261,215,83,220,67,77,236,221,61,272,162,222,78,239,147,84,142,45,144,80,307,133,205
