256,90,301,322,226,128,343,255,62,247,283,24,216,145,21,100,68,248,165,106,213,167,115,250,56,32,92,82,158,148,290,258,91,269,204,130,54,198,177,3,33,70,118,300,180,157,260,52,211,155
289,8,233,271,111,230,323,52,203,35,122,168,32,159,150,101,195,276,165,68,348,106,228,112,178,40,136,325,5,144,201,104,330,306,256,145,272,108,162,204,339,187,170,34,305,97,317,297,47,38,313,85,240,6,119,30,158,91,177,315,280,69,153,63,329,221,318,127,28,331,336,258,343,270,278,56,17,282,23,100,252,340,9,88,200,65,135,133,137,148
332,150,310,71,7
172,83,136,2,337,109,210,282,158,14,15,164,261,88,144,117,52,9,336,10,132,297,203,77,178
301,68,213,216,104,73,151,266,63,284,320,103,334,189,321,171,211,85,245,272,76,160,300,197,295,173,163,353,220,231,332,343,62,157,285,75,111,25,209,193,165,16,44,222,17,82,239,274,167,130,96,81,328,120,247,280,124,67,80,278,60,11,106,188,108,181,261,350,61,264,283,19,342,243,164,105,59,263,26,232,260,107,138,5,219
298,239,267,251,200,165,195,70,175,203,102,193,86,350,137,326,160,176,219,150,15,38,46,80,101,99,154,191,128,153,164,142,134,13,196,108,304,72,254,206,278
224,11,190,187,267,115,165,152,117,140,291,283,225,250,134,23,304,86,315,128,286,111,41,331,213,175,47,112,288,235,294,13,168,16,12,97,293,25,66,339,130,336,160,238,329,153,275,114,85,63
119,109,161,269,298,70,293,222,133,267,40,132,91,317
280,168,31,140,294,99,78,252,51,93,241,162,101,75,199,291,329,191,211,96,227,86,89,330,316,335,33,273,243,91,138,326,313,272,159,167,247,173,283,55,314,322,206,349,13,34,302,342,234,202,81,104,286,22,295,103,144,35,169,208,21,285,321,324,353,258,306,90
296,321,207,308,115,290,256,203,124,298,126,337,137,43,77,323,309,327,112,153,264,181,150,320,117,346,263,233,294,168,164,292,240,51,295,59,149,116,220,330,140,241,242,56,206,6,353,119,22,325,67,78,204,185
89,344,239,220,48,12,194,219,132,42,237,100,172,64,236,202,189,32,329,170,149,285,340,157,180,260,9,268,188,250,319,169,353,318,37,98,337,331,321,288,90,96,248,218,184,244,185,154,205,171,307,178,141,124,207,198,26,197,17,314,24,62,299,195,179,316,303,222,122,63,229,263,18,61,109,214,193,133,16,246,325,140,114,324,130
208,339,156,257,258,184,232,244,115,146,289,240,345,126,265,20,296,299,10,311,51,114,124,108,351,285,87,316,27,3,2,260,28,341,271,231,111,229,213,17,194,29,14,181,209,329,302,153,88,256,74,291,67,284,238,185,344,216,307,198,15,202,295,253,66,79,39
147,86,32,267,243,67,342,90,114,83,282,170,20,346,63,328,205,258,300,97,172,150,3,208,268,181,40,290,129,62,323,13,169,118,230,298,142,314,286,127,137,311,212,315,256,27,238,102,246,318,274,316,10,92,250,276,47,88,194,339,81,341,19,148,192,132,207,214,131,236,157,180,64,140,18,125,98,216,255,196,46,221,23,146,245,103,149,112,225,269,116,335,325,87
228,234,179,231,52,315,71,244,277,225,172,114,223,209,339,271,279,191,320,220,10
71,346,11,353,237,75,270,248,30,281,144,92,179,87,93,321,218,171,284,222,182,279,31,238,329,208,172,49,152,121,100,148,301,275,139,338,90,207,108,348,134,224,255,43,91,289,327,137,112,178
210,193,206,222,312,81,303,316,232,43,144,11,291,95,233,69,97,287,228,201,169,65,139,121,216,19,326,90,328,337,12,269,281,176,188,305,256,135,199,278,306,8,78,152,40,75,76,129,154,296,111,70,238,118,327,343,21,117,49,116,108,279,209,348,148,68,17,27,158,354,261,196,221,123,299,323,173,301,187,191,282,59,23,178,7,172,131,183,140,61,44
126,204,30,110,217,167,248,195,75,127,196,215,93,245,287,159,145,237,222,148,97,319,290,11,273,171,181,104,284,16,18,308,141,186,205,229,164,157,184,29
52,331,209,122,72,155,137,269,316,16
84,242,106,148,95,63,273,119,94,266,201,185,310,352,344,263,299
131,171,114,86,212
2,97,197,22,314,266,349,90,322,268,150,141,304,249,163,11,264,187,337,168,54,143,169,6,258,69,334,41
212,229,27,246,349,4,311,297,342,232,78,249,34,46,336,210,289,115,104,276,105,270,15,331,186,195,293,253,255,155,159,120,348,339,319,352,32,197,290,292,178,351,54,310
294,156,238,207,1,247,44,188,40,183,149,6,108,125,116,319,265,144,172,73,208,275,349,163,284,242,10,229,99,60,226,308,281,153,327,184,141,124,225,94,264,200,160,292
303,74,285,247,165,82,14,175,174,332,113,186,62,36,199,58,201,124,266,114,231,205,292,268,148,131,130,198,110,206,323,72,195,11,290,10,234,184,251,156,146,138,108,159,139,137,342,181,202,123,207,301,143,264,69,102,215,60,263,129,50,47,147,51,15,209,230,305
257,230,119,90,188,258,171,322,279,157,136,217,207,132,241,247,108,232,286,239,280,53,191,135,267,262,13,300,80,36,307,287,252,306,299,216
21,19,71,59,315,63
250,297,88,302,268,326,201,310,93,189,200,309,285,79,192,211,114,253,340,318,343,127,305,75,265,26,126,140,315,56,111,281,124,176
344,206,235,8,329,270,256,64,349,286,77,298,257,40,98,281,215,337,229,89,353,52,145
36,184,325,46,122,235,303,329,107,213,243,304,116,209,295,158,72,29,31,183,78,330,73,102,4,249,239,152,178,273,93,321,269,33,154,283,200,145,217,181,311,345,120,216,123,324,232,242,227,182,186,234,252,208,26,310,331,224,87,131,67,165,333,244,80,128,40,97,240,177,161,245,83,272
199,351,263,61,338,309,108,144,208,54,114,186,223,297,134,326,207,109,235,72,66,95,64,294,111,177,325,18,97,250,340,324,287,131,267,142,98,211,46,77,157,275,317,139,310,57,28,96,179,115,19,63,44,128,117,220,73,7,45,302
144,198,246,24,137,240,203,301,163,116,165,101,147,36,197,287,243,288,221,34,346,308,87,79,96
163,170,51,77,340,185,65,15,128,177,131,182,82,286,25,216,35,107,164,32,143,274,341,233,27,156,109
186,292,138,285,323,217,249,248,68,223,246,49,325,65,229,36,30,250,19,23,339,114,37,237,32,22,20,320,345,327,100,116,151,286,216,247,167,173,156,261,94,310,107,134,3,163,184,104,39,208,28,26,113,155,64,306,66,341,1,33,48,142,215,242,50,230,62,315,101,340,71,31,301,188,311,18,324,227,295,98,262,181,179
108,54,250,38,334,118,163,197,229,310,261,342,321,181,175,120,192,212,40,27,43,262,44,88,1,313,4,33,78,200,21,102,286,124,323,301,100,96,338,343,90,316,242,275,240,206,353,289,173
193,135,235,287,68,204,286,94,232,96,196,189,128,295,63,344,177,110,79,122,208,223,34,124,309,185,321,277,307,333,290,175,26,13,171,15,67,179,227,244,173,126,21,184,18,199,108,282,348,132,20
293,88,203,92,1,170,119,328,317,226,240,313,307,296,339,163,55,71,341,227,213,270,241,229,256,330,45,33
180,126,212,130,116,66,299
324,159,94,46,102,92,216,157,222,43,323,263,4,270,127,331,314,246,330,48,148,163,258,83,160,260,353,252,95,318,233,47,292,207,280,116,189,150,115,317,122,345,245,352,16,336,279,254,277,194,171,132,284,183,1,93,175,11,58,302,274,7,227,5,146,249,34,100,198,325,10,301,142,112,204,293,210,218,154,191
292,2,254,318,60,78,93,8,37,139,190,131,338,125,27,143,297,41,104,141,352,282,323,80,88,224,91,266,128,123,353,94,298,235,81,130,192,79,20,167,302,106,63,85,263,15,62,142,133,276,42,290,29,146,232,90,269,217,164,332,43,18,154,121,186,320,220,260,195
158,134,74,88,4,219,349,2,216,157,306,122,64,320,129,280,313,115,151,139,86
310,44,314,272,316,125,119,37,53,113,162,244,257,291,286,22,121,321,263,337,25,252,169,6,154,201,271,72,318,21,199,182,20,350,172,43,144,212,313,351,39,134,258,231,251,48,111,296,65,280,213,67,13,303,204,105,224,17,178,91,30,195,184,259,183,278,79,7,222,246,94
352,151,309,196,300,287,145,284,128,97,263,214,227,317,25,315,250,286,28,67,202,133,249,194,130,182,155,242,23,332,60,209,58,285,158,154,342,267,282,42,283,91,274,338,327,176,322,126,280,54,69,49,13,233,220,316,3,223,20,260,61,115,235,345,118,146,62,310,111,273,331,205,303,210,187,174,52,270,51
215,195,152,42,72,122,296,67,74,9,261,26,315,205,350,80,56,298,92,153,313,274,19,29,257,275,60,49,75,216,16,351,148,156,62,99,8,214,189,37,194,181,320,17,71,266,242,164,239,104,24,109,198,5,282,329,237,106,27,158,260,7,115,66,337,58,18,6,97,113,184,94,193,34,240,235,107,306,43,295,65,352,35,204,93,327,312,1,289,332,196,162,25,299,338,223,57,135,145
354,58,260,245,18,113,253,130,20,118,169,212,154,280,193,124,349,195,64,289,27,200,257,243,78,51,242,134,11,23,252,225,129,206,175,213,47,290,73,101,244,278,293,19,82,340,30,86,161,256,123,17,98,308,287,166,268,274,152,312,266,294,156,328,180,41,167,326,324,272,288,344,325,295,286,182,69,267,80,146,343,91,177,108,127,55,283,35,38
159,169,260,146,339,170,130,354,275,6,22,91,68,248,244,344,58,52,329,92,315,176,348,253,265,35,334,215,104,49,137,201,261,352,138,95,205,106,59,173
249,126,54,309,263,209,310,13,231,165,327,12,22,167,154,302,307,329,325,199,241,301,112,344,16,280,44,36,291,264,23
329,281,46,296,120,77,85,22,96,12,270,257,248,322,240,118,300,164,32,178,10,210,11,282,38,83,350,294,128,278,243,299,116,337,207,89,108,129,115,256,223,233,75,151,338,176,137,183,4,55,63,144,241,147,235,69,255,302
237,178,82,310,84,167,143,274,173,72,45,128,278,69,209,184,290,180,151,78,111,32,203,330,263,239,169,303,142,295,52,160,165,296,161,13,247,229,224,130,63,44,299,293,250,215,28,89,176,64,55,118,71,331,291,85,91,156,164,121,337,39,132,217,249,231,120,138,316,297,98,198,256,242,183,153,19,233,36,225,248,244,126,342
35,17,180,14,157,65,15
193,37,327,215,110,334,148,11,118,318,159,205,20,166,122,311
187,242,250,104,97,88,275,305,142,347,32,150,287,186,85
33,109,158,310,193,308,15,213,11,287,313,274,331,53,107,47,52,145,148,103,166,25,149,301,4,209,105,352,146,336,325
144,236,76,247,17,67,108,177,318,57,217,345,284,85,124,164,278,249,142,149,126,103,327,228,260,153,336,15,268,335,46,83,287,239,37,280,61,306,139,121,94,92,319,211,155,346,44,123,113,120,230,349,6,316,12,16,20,21,22,321,156,148,90,315,160,203,323,330,9,301,118
306,91,113,228,204,34,190,265,65,9,99,8,6,26,43,198,180,282,82,224,186,339,57,112,60,160,290,342,193,281,162,263,270,78,135,245,28
90,271,100,65,8,229,153,74,42,148,149,145,124,293,157,133,152,138,313,143,306,178,89,283,298,58,242,206,327,120,9,317,64,323,255,108,91,199,144,226,174,196
298,87,7,316,40,272,55,95,56,145,148,197,344,301,126,212,329,102,216,67,32,226,119,64
38,228,279,42,102,297,104,28,180,77,183,266,54,14,231,147,99,212,35,10,141,240,97,317,161,89,45,305,206,153,133,95,151,100,243,191,329,109,257,168,148,51,295,172,227,73,298,61,116,30,265,66,157,193,171,24,333,142,64,190,50,286,135,237,241,107,144,6,225,192,325,160,4,164,34,182,316,199,198,58,81,307,270,236,294,340,242,62,173,131,315,350,300,337,247,214,319,264
165,352,49,267,243,5
97,272,251,148,8,175,167,344,353,146,340,28,178,302,157,220,197,305,60,13,322,101,228,261,285,3,89,169,352,65,332,190,161,19,254,289,204,205,156,29,82,130,39,109,298,37,227,7,70,257,219,195,145,256,52,320,22,110,335
161,231,18,325,258,65,204,129,39,303,235,207,250,268,36,3,66,245,124,329,46,23,217,226,166,318,200,347,348,119,35,223,40,158,313,259,350,165
206,142,340,287,75,307,110,177,151,311,123,204,246,19,80,7,136,49,242,132,28,202,187,146,134,121,159,251,298,171,38,280,317,21,228,348,23,297,276,184,40,332,324,1,137,33,284,175,62,288,95,53,258
174,296
276,269,227,72,53,122,290,75,69,236,89,291,120,129,175,263,344,59,160,45,221,121,323,332,283,77,24,203,29,252,186,56,144,147,148,324,22,7,46,43,95,49,74,348,266,159,10,140,111,94,162,194,211,123,251,112,172,12,20,325,141,150,25,267,307,311,224,6,253,81,335
260,46,189,228,212,292,72,100,104,270,280,201,78,210,214,7,246,313,253,157,331,30,97,118,125,91,115,254,107,158,229,3,296,188,187,132,207,235,322,103,63,353,89,182,350,209,311,144,314,330,186,133,35,4,139,131,264,258
337,111,101,336,347,279,205,316,297,331,214,27,186,30,252,262,313,351,59,100,131,14,175,260,194,348,339,293,105,163,7,300,334,25,253,159,312,216
245,27,154,110,93,323,269,287,78,14,275,42,291,349,134,49,20,322,281,127,176,76,215,219,286,9,111,36,326,114,137,341,10,159,95,307,138,31,121,32,12
299,264,255,135,175,133,350,189,229,115,294,82,76,62,240,60,269,185,290,97,204,103,26,259,202,243,67,63,28,254,43,328,201,234,288,228,134,295,117,78,199,245,257,72,195,344,329,331,244,220,174
22,161,7
175,19,115,314,213,303,36,188,2,181,254,108,56,293,185,316,307,249,96,98,100,299,32,322
95,35,88,149,275,120,302,232,314,271,311,80,14,78
116,73,127,169,324,186,267,310,292,144,164,195,337,82,64,12,168,21,47,45,211,278,162,176,277,111,268,320,7,249,27,332,242,350,75,37,330,208,232,128,68,300,343,44,196,32,92,333,133,206,120,50,18,260,154,309,282,46,229,114,56,72,207,303,258,308,346,327,95,216,219,246,294,301,134,293,245,17,255,74,263,315,344,336,85,316,230,143,307,311,340,24,261,286,91,353,345,97,347,84
279,316,160,249,340,264,33,100,227,28,259,285,102,182,246,109,67,61,152,185,289,320,268,30,297,181,46,158,91,240,20,54,101,124,188,338,327,354,231,304,183
89,36,253,210,74,330,341,112,134,139,107,9,32,329,193,16,298,78,219,232,238,275,195,351,287,226,285,319,209,282,109,123,146,322,79,271,312,135,151
325,238,87,353,253,209,198,219,10,284,107,344,78,188,217,248,120,183,67,314,172,116,158,312,111,202,222,18,255,247,119,187,84,196,354,69,136,162,290,235,131,266,345,316,323,112,261,265,38,163,249,305,264,22,117,23,80,114,299,41,246,285,149,5,115,68,122,350,34,232,211,224,82,283,295,229,218,337,178,213,240,182,251,208,206,287,55,59,9,106,352,164
17,237,56,77,70,243,270,222,291,245,1,252,343,117,29,13,321,309,353,188,315,161,177,272,332,253,258,191,128,19,90,223,221,15
89,202,63,149,323,29,10,236,69,219,293,146,249,16,162,272,345,207,231,205,116,198,40,320,133,62,136,288,190,189,88,321,290,262,43,54,160,158,87,267,326,304,213,280,287,174,120,248,36,164,100,171,102,76,121,112,139,203,230,141,170,253,6,53,246,25,271,154,128,83,278,84,37,319,103,177,232,57,186,68,348,142,292,222,91,50,199,256,300,151,327,336
120,354,79,165,272,75,112,90,261,184,53,28,2,121,191,62,185,328,252,218,86,194,117,10,41,203,164,258,138,110,131,227,149,35,26,146,244,315
72,123,32,220,259,7,118,333,209,193,352,105,156,215,80,247,346,326,235,158,14,48,145,154,201,194,344,149,141,47,303,55,280,79,229,121,282,331,83,127,226,167,249,138,240,298,207,116,299,330,277,103,162,315,217,334,122,178,332,132,101,15,44,28,36,155,228,353,310,336,337,41,309,110,246,30,142,186,160,49,66,218,77,170,97,76,258
68,83,302,208,182,213,128,19,316,246,228,87,211,111,49,251,342,176,22,43,332
271,87,142
