212,152,291,328,12,210,250,192,279,102,214,113,295,178,310,224,324,142,353,10,345,384,256
229,291,262,47,82,75,131,373,204,334,117,14
100,306,197,83,302,202,282,174,236,268,344,74,37,366,368,213,348,374,136,270,6,175,114,295,153,281,330,166,278,308,171,172,135,305,266,272,59,58,255,20,26,92,232,195,63,375,53
175,130,306,150,134,75,187,341,117,154,319,161,120,262,327,4
71,45,377,90,341,144,19,216,275,271,39,380,146,69,70,285,11,181,133,280,329,286,139,97,115,300,353,72,236,31,27,89,109,351,234,245,214,307,350,365,94,134,75,223,213,344,20,30,141,366,212,200,355,123,26,16,241,119,103,79,233,323,44,98,177,304
57,333,119,208,375,363,223,63,302,255,66,343,12,278,232,80,191,205,362,39,225,46,153,79,4,143,111,256,245
360,330,181,117,252,333,260,206,202,354,265,29,317,125,26,47
362,255,131,351,357,358,287,17,116,300,100,256,186,199,316,264,189,190,320,288,151,281,173,37,302,221,206,175,195,377,162,209,102,129,14,227,82,323,375,319,308,283,55,260,39,326,108,144,364,135,335,43,217,106,292,94,305,203,165,79,279,38,263,71,51,271,229
58,337,77,143,347,12,218,358,286,246,304,110,160,387,293,274,280,35,178,322,133,29,231,14,66,105,95,240,198,182,96,84,325,167,237,265,241,294,374,379,72,223
8,111,197,15,74,91,359,381,5,153,229,108,24,3,247,325,273,353,36,362,314,186,286,60,42,63,299,192,222,364,70,280,372,182,52,115,158,380,89,29,116,376,18,255,373,290,319,150,322,253,304,282,117,101,131,39,119,316,350,343,124,204,225,335,181,238,189,337,155,293,136,257
329,343,377,66,380,63,132,35,187,76,350,314,13,210,140,349,281,247,384,202,18,22,307,174,178,10,120,337,338,196,155,233,42,67,32,354,79,225,319,378,167,292,164,250,28,171,159,3,347,58,73,359,221,360,365,81,60,381,379,217,179,215,93,184,125,315,341,296,265,69,186,11,176,353,236,142,86,313,209
354,206,295,52,64,83,179,308,334,182,364,197,92,69,86,99,12,264,273,15,301,114,183,345,39,35,17,120,142,304,101,294,87,76,187,209,191,102
31,10,33,220,382,50,139,234,171,80,316,362,322,273,194,376,88,267,356,222,292,140,64,253,69,48,16,137,337,30,167,70,326,350,221,56,184,201,212,346
21,332,334,256,363,37,249,189,360,161,386,159,43,71,210,190,367,145,290,259,50,185,263,164,17,233,297,314,3,371,261,302,162,132,110,140,150,96,237,208,55,41,382,248,2,242,36,316,109,92,79,112,135,105,224,313,310,75,285,61,133,213,153,12,23,30,104,118,279,244,157,212
78,102,124,271,38,175,132,116,183,43,95,48,270,258,24,65,326,347,1,225,321,243,85,34,111,364,113,320,303,139,88,390,233,367,358,76,267,351,348,290,346,237,383,40,9,337,329,286,232,42,297,222,340,228,89,239,206,153,136,275,261,75,138,87
17,124,244,132,2,260,319,333,171,101,166,160,173,12,90,305,119,45,375,252,9
134,114,80,250,201,168,234,232,49,33,388,223,94,64,37,217,389,216,179,300,243,1,31,196,174,259,13,311,6,249,10,215,67,242,327,47,2,270,287,83,112,345,162,66,125,129,285,381,267,297,252,108,225,126,268,111,358,65,227,305,374,304,194,178,301,46
218,165,162,68,15,212,378,94,183,233,14,280,346,291,120,110,355,4,299,70,78,330,61,242,246,154,80,51,91,134,127,213,176,28,359,263,244,48,49,227,283,343,72,56,250,177,74,314,275,130,142,11,86,105,276,145,104,22,42,253,153,360,259,7,338,258,137,67,63,220,71,206,167,81,164,102,161,334,156,113,260,312,332,114
15,132,195,156,223,368,314,259,8,38,185,316,126,212,158,32,59,369,152,23,47,266,197,356,262
348,167,118,22,235,46,169,281,134,317,76,323,366,251,122,205,132,347,85,327,389,365
217,200,260,205,151,120,247,17
210,318,297,275,72,200,327,348,68,83,55,32,261,102,337,283,94,378,108,340,130,3,41,244,324,308,320,156,295,338,242,367,53,171,114,310,147,182,160,222,97,240,227,373,284,330,301,126,309,9,20,44,255,154,218,89,350,5,277,79,366,95,74,375,115,198,272,236,1,150,100,285,300,345,26,155,257,302,273,38,106,11,269,325,61,387,360,137,204,110,280,245,259,266,271,111,167,63
133,47,326,237,315,138,328,212,149,260,216,68,70,9,322,28,6,96,41,110,165,257,268,338,266,92,359,179,356,304,264,20
80,338,99,346,103,390,12,76,303,19,299,374,280,220,107,232,56,145,106,113,279,335,308,370,354,383,190,102,192,88,377,47,368,329,167,388,247,39,171,373,123,22,295,139,350,182,10,379,271,367,101,351,191,357,244,132,256,254,359,341,81,369,326,164,193,348,283,138,60,242,365,128,119,89,169,222,312,340,311,202,362,229,324,77,376
190,380,285,42,59,356,155,192,227,302,225,146,7,308,387,90,86,71,6,136,283,371,228,355,273,164,163,16,109,189,53,346,195,67,327,230,359,208,14,366,43,148
244,125,29,228,352,35,112,222,375,274,241,195,252,319,329,148,288,160,31,364,95,76,224,360,268,72,335,381,50,342,48,181,300,210,296,280,118,320,278,103,249,162,215,217,229,185,339,192,321,19,323,81,97,93,368,279,94,8,75,176,273,324,165,145,123,109,108,15,39
173,262,178,92,289,314,64,336,101,268,308,367,279,387,351,127,218,93,175,385,311,15,241,86,331,170,146,251,61,370,21,217,72,118,353,309,70,22,107,17,48,227,240,255,383,113,185,306,8,231,39,298,239,69,26,337,172,222,372,280,291,364,288,68,219,171,338,186,343,103,83,85,297,66,196,176,204,125,253,187,135,233,278,9,78,63,97,31,210,315,324,59,205,152,20,203,34,110,142,349
219,284,179,14,300,135,327,254,4,335,63,121,192,360,229,93,259,159,44,325,104,117,266,288,301,208,249,330,247,299,236,279,150,340,142,120,224,311,85,1,185,362,167,319,349,161,197,60,138,278,287,294,380,342,333,70,239,334,69,112,10,251,210,263,172,361,309,260,205,94,199,308,95,124,331,347,38,109
9,68,23,264,279,181,253,107,327,33,384,81,34,8,345,314,250,15,248,374,36,94,187,191,126,148,109,125,342,317,100,299,271,282,216,52,39,241,269,321,151,225,246,339,237,197,79,319,203,204,146,208,3,348,158,214,231,235,190,171,114,206,159,233,70,184,24,268
18,73,54,191,314,115,170,316,10,300,238,285,32,118,302,91,129,100,287,189,274,20,294,23,375,30,27,61,201,53,1,70,188,360,371,94,13,322,236,127,338,202,330,155,151,78,95,71,38,349,346,148,247,174,139,385,45,161,256,103,344,308,163,47,355,149
298,139,240,335,315,36,109,68,38,378,287,220,13,47,289,118,98,113,307,90
78,356,46,190,128,79,75,135,287,220,131,226,163,340,350,13,201,170,222,376,292,206,20,99,275,2,215,64,171,82,368,43,5,183,295,299
63,220,360,44,307,229,337,305,242,163,176,109,158,66,226,151,366,223,247,97,284,199,298,117,46,277,237,193,299,159,355,285,377,84,293,80,175,326,125,143,303,250,144,259,329,1,24,334,2,295,29,351,230,141,119,316,306,87,358,288,178,167,33,263,171,278,129,225,387,294,12,102,166,338
267,143,123,321,63,142,314,260,2,140,173,315,14,383,231,225,59,375,196,305,343,332,82,116,282,229,352,318,163,252,310,299,4,311,308,264,277,281,273,286,240,219,42,3,256,326,129,306,291,127,171,351,134,10,329,357,25,338,130,69,81,274,386,150,251,224,345,147,350,141,218,98,333,45,164,363,239,9,335,323,56,222,30
260,273,352,118,71,52,322
93,131,222,307
11,129,304,350,246,102,353,164,375,99,171,190,302,93,326,371,215,339,275,314,160,325,241,63,30,220,200,2,24,274,239,128,48,267,62,219,176,341,15
162,30,317,285,238,322,156,215,293,308,43,9,83,288,301,283,74,145,268,97,337,48,233,131,141,130,134,179,174,90,65,346,104,123,372,17,245,281,4,367,70,274,172,271,217,52,203,213,269,230,295,32,57,364,78,81
382,155,140,300,341,149,109,175,189,104,278,168,282,247,314,153,5,44,324,283,61,266,122,120,24,366,40,340,172,262,275,215,264,255,39,239,236,271,204,181,207,192,48,305,62,342,82,335,148,135,173,220,194,130,316,103,71,331,151,390,320,258,63,15,297,182,70,191,80,14,367,57,38,21,96,180,337,309,346,365,279,66,311,185,36,137,206,6,377,267,143,128,321,238,28,289,358,81,353
84,68,161,69,324,279,193,169,366,86,21,101,106,87,182,380,249,5,99,91,37,187,360,350,372,42,174,237,261,276,23,375,297,230,41,79,130,103,57,269,293,387,198,390,338,252,125,73,132,367,383,150,76,50,233,8,184,318,381,352,129,111,259,232,85,6,107,144,281,298,13,349
203,282,174,62,301,354,36,342,190,26,245,221,67,8,117,265,276,63,169,216,133,92,191,356,126,250,343,374,146,156,192,11,256,98,50,341,283,112,75,52,93,106,237,389,372,376,30,321,299,353,47,42,137,387,352,94,87,367,91,268,195,123,240,251,323,232,326,324,270,60,59,68,378,337,218,21
18,77,337,277,143,37,15,266,1,204,192,153,20,172,347,106,22,160,288,262,226,256,235,85,293,183,270,328,237,9,161,301,97,126,259,253,242,88,92,354,167,51,195,274,194,294,69,367,173,313,86,137,325,216,222,287,150,28,217,48,383,229,165,345,27,271,273,224,184,385,378,6,127,121,43,31,377,174,255,355,32,283,26,231,162,47,246,58,298,233,166,60,219,73,112,390,381,267
117,349,231,327,343,382,210,386,315,328,362,319,203,339,342,265,311,42,34,280,141,307,87,127,225,121,241,306,134,180,54,204,247,166,57,151,292,94,132,304,128,348,146,77,5,186,242,12,351,1,25,254,156,290
241,180,82,365,66,123,291,210,230,96,236,292,120,144,103,148,368,4,356,281,150,341,294,276,84,317,246,233,366,357,170,322,207,182,249,189,321,339,355,232,344,224,35,64,169,384,72,184,282,218,267,239,364,165,216,345,201,203,268,173,16,185,378,319,354,242,167,280,283,312
364,109,296,126,326,192,159,187,295,145,335,258,130,380,155,175,186,386,216,249,18,90,209,286,47,369,166,64,15,217,38,297,150,328,271,340,363,50,41,113,76,138,211,4,128,24,124,238,33,193,84,43,131,269,330,26,1,224,246,334,54,365,148,359,368,218,254,350,327,49,357,272,61,31,331,165,302,223,149,36,22,374,341,247,188,123,180,281,174
58,353,316,16,272,282,160,3,308,274,168,309,362,43,5,83,72,189,340,163,351,7,131,136,236,178,120,367,181,48,9,279,310,115,26,276,85,66,129,257,37,175,96,341,240,23,311,354,304,107,377,54,147,119,134,183,261,221,112,63,285,111,223,186,373,55,338,95,11,47,102,80,190,242,386,369,130,19
366,256,150,170,227,232,48,32,315,242,4,255,281,174,145,189,389,378,221,156,64,119,319,356,358,195,94,387,263,185,152,236,171,77,34,87,14,2,1,210,383,228,332,70,82,41,340,26,292,47,40,249,178,78,167,92
115,172,343,290,267,341,63,355,353,217
350,131,213
180,87,135,278
241,255,178,244,330,136,266,264,95,125,303,29,219,249,353,265,48,253,80,109,6,147,179,45,308,294,33,25,102,364,261,375,12,10
377,96,200,237,20,290,240,277,216,18,289,294,325,246,103,109,135,94,336,323,260,197,95,187,352,21,346,333,196,57,185,268,17,367,369,324,326,253,131,269,232,322,33,4,249,251,80,73,43,327,133,276,83,343,191,331,159,312
53,291,372,160,312,207,351,266,237,44,81,306,71,264,80,249,58,347,360,185,180,16,72,252,143,18,329,12,119,250,59,61,284,343,4,102,112,89,103,62,286,265,87,210,10,292,164,75,86,150,221,262,6,310,128,22,334,378,370,33,209,47,132,64,383,390,214,297,79,389,147,304,123,192,241,282,336,224,302,48,253,366,68,276,331,268,73,269,140,270
212,68,99,155,74
24,1,96,174,64,28,236,150,364,73,244,33,340,83,75,350,49,226,146,325,225,17,4,326,276,163,246,322,46,341,209,284,77,2,227,199,31,48,237,369,84,305,388,143,259,167,368,8,317,377,95,291,286,80,157,20,42,366,68,134,86,267,116,361,35,253,289,208,339,346,323,338,357,283,138,179,299,59,170,162
386,142,151,94,251,343,135,86,126,12,92,236,253,368,80,119,102,295,187,67,228,301,351,233,327,129,180,256,8,109,216,221,191,91,339,387,38,262,201,6,185,382,53,257,148,356,297,124,314,143,25,199,170,31,350,289,64,215,121,105,324,322,9,222,259,372,223,167,128,217,169,347,47,227,72,319,181,277,282,218,21,315,175,122,83,367,115,283,19,305,138
94,42,381,363,180,78,69,106,158,260,203,337,352,46,220,215,107,345,204,283,129,163,193,302,166,192,188,253,119,307,349,1,312,165,77
356,14,72,154,209,197,113,190,290,136,247,366,353,330,101,359,163,134,372,73,83,77,334,344,302,254,342,281,300,301,193,228,333,250,365,2,338,148,85
182,325,386,306,131,186,308,187,185,365,107,337,150,319,233,347,15,44,60,39,206,37,303,285,193,277,256,62,255,175,69,115,335,151,293,279,94,390,152,388,82,283,389,346,105,92,222,228,302,149,129,362,31,354,116,184,200,119,259,127,235,140,310,321,355,289,332,136,172,67,338,91,61,137,21,276,70,305,217,55,320,253,248
140,156,192,89,273,48,200,269,238,337,267,256,94,268,352,347,239,16,8,262,38,10,291,114,182,153,297,144,97,218,375,66,322,100,28,40,164,308,284,126,58,18,19,170,281,159,132,128,139,184,233,111,118,185,260,302,338,105,125,167,250,102,65
250,181,203,3,282,381,115,260,240,269,357,123,322,319,158,306,300,204,118,113,304,361,28,63,122,377,144,275,387,213,236,311,157,68,372,107,373,386,246,324,256,230,359,110,4,129,286,296,187,241,325,82
79,131,13,171,19,187,230,264,268,387,105,372,200,314,132,112,98,255,125,26,252,296,357,223,143,345,386,170,8,74,145,243,68,192,104,368,249,116,260,371,244,311,275,373,235,241,341,201,299,76,376,157,246,139,236,153,50,2,278,15,82,269,188,38,307,175,228,168,321,383,163,261,11,119,303,389,375,208,351,51,234,94,137,32,206,325,6,87,362,118,287,337,166,350,100,332,165
66,295,49,4,363,81,103
211,42,138,79,129,308,115,166,281,95,134,127,237,342,28,261,10,33,318,80
153,222,299,271,302
233,329,27,74,71,179,62,240,306,363,58,298,175,77,78,40,4,207,214,263,88,326,136,167,25,65,262,8,339,33,243,293,32,303,378,338,278,299,113,133,89,196,69,245,201,295,271,199,149,211,205,311,168,105,174,177,3,361,383,343,31,249,45,163,90,165,102,48,382,301,180,189,155,20,356,5,192,390,253,148,322,161,237,37,239,141,51,222,216,305,366,308,260,284,49,160,365,135,154,16
103,164,203,122,273,222,68,283,247,190,85,369,102,196,34,169,104,319,60,155,26,298,114,379,117,183,245,80,313,37,360,269,285,2,308,36,260,240,264,144,50,43,235,82,302,375,193,6,357,81,38,28,211,134,351,350,327,223,289,342,152,130,64,17,49,236,216,340,116,35,314,202,324,71,345,199,204,354,221,286,234,322,362,141,244,140,168,228,3,178,331,23,109,20,209,309,70,72
65,287,28,285,345,223,288,384,378,113,243,24,135,206,230,246,90,7,335,13,234,274,144,32,355,136,171,329,6,174,302,154,43,31,181,71,170,332,356,94,168,208,153,15,357,377,138,309,242,326,343,156,313,81,239,73,127,327,219,93,224,128,42,323,318,270
362,34,293,346,141,167,123,244,334,336,338,72,254,239,65,58,157,163,290,30,204,85,169,16,233,367,333,171,37,144,135,128,337,161,285,228,203,125,294,205,219,180,195,35,359,282,76,170,363,139,21,106,222,277,119,80,191,259,279,23,226,283,267,330,27,100,71,273,164,266,213,326,73,40,102
123,5,274,221,32,130,187,100,18,112,14,233,89,331,268,22,235,76
151,311,128,112,261,61,385,57,353,299,309,341,132,251,202,192,41,142,79,11,53,337
31,200,300,328,172,148,60,221,118,248,120,272,315,333,81,203,54,323,372,119,260,206,93,338,304,313,384,41,124,66,55,343,246,69,175,100,132,234,99,106,306,17,186,165,27,336,35,8,80,176,104,251,286,264,252,227,201,144,205,232,75,319,197,385,195,367,182,3,345,233,133,294,285,4,366,171,185,263,170,29,168,320,244,311,136,23,330,121,146,238,380,151,62,356,43
231,233,188,313,2,312,51,147,336,262,43,194,37,214,307,111,212,304,104,235,3,136,340,271,293,278,26,289,35,65,381,16,244,374,110,9,342,185,285,82,23,260,257,106
39,318,164,383,131,329,76,209,271,258,187,183,194,6,185,306,294,138,147,274,387,325,266,152,239,26,73,82,300,64,265
324,118,379,179,335,191,34,388,62,247,4
100,260,49,184,59,314,96,316,46,60,176,136,63,103,338,30,224,350,128,80,57,173,248,228,174,76,193,39,122,191,14,234,378,275,17,36,48,377,379,335,233,9,272,180,188,181,372,87,12,43,333,165,186,18,199,104,321,209,375,254,284,127,269,279,85,385,258,370,133,312,247,82,203,97,51,198,322,160,62,35,243,169,220,280,167,388,218,351,88,71,44,253,27,288,390,194
378,205,51,272,125,130,123,239,73,1,107,27,358,190,38,169,178,74,68,210,189,45,79,219,187,25,57,46,42,139,353,260,335
340,118,114,59,271,27,366,116,268,280,295,290,388,62,103,310,79,138,219,273,317,2,231,269,379,347,380,97,275,240,50,73,101
9,281,55,297,6
343,90,303,138,164,318,371,33,279,216,157,28,317,103,189,48,211,185,41,219,15,128,379,5,369,207,174,339,294,30,35,34,337,100,42,79,96,148,108,54,376,212,245,220,341,68,306,222,248,271,352,358,367,251,85,6,302,319,170,354,383,330,315,93,192,213,12,221,269,387,390,80,311,235,289,206,84,182,273,97,145,184,214,283,305,373,362,122,353,180,264,236
100,43,231,154,245,330,175,138,223,142,205,263,106,280,44,119,251,216,338,342,355,352,51,313,4,157,45,197,238,60,169,81,312,148,209,115,243,14,246,284,101,135,255,218,278,221,95,336,17,319,15,299,236,281,103,118,46,237
251,220,385,322,200,195,20,19,36,162,339,159,75,44,368,210,45,384,87,33,276,221,356,315,133,164,64,142,41,340,227,145,331,338,54,347,29,48,27,214,205,372,319,52,3,297,209,137,310,329,123,288,28,378,149,320,235,94,185,69,292,326,73,234,302,68,111,263,350,175
205,246,79,45,14,302,339,320,105,226
255,84,11,346,339,388,330,184,58,21,19,183,79,171,163,180,300,360,111,34
389,284,25,113,230,143,131,213,88,301,179,237,203,210,247,158,361,234,365,267,242,315,73,79,76,337,110,106,291,187,328,67,85,305,317,10,363,18,216,177,156,139,144,265,37,64,340,233,366,165,196,164,231,78,15,34,266,33,263,149,22,20,278,77,322,9,297,99,309,358,46,94,171,122,151,362,360,45,89,241,3,90,259,8,115
221,306,173,61,333,254,271,1,224,305,108,243,166,107,197,10,39,265,196,88,66,198,79,172,311,332,195,210,246,379,94,349,329,380,245,113,27,69,70,48,384,317,40,390,348,337,85,290,219,105,278,49,174,6,91,175,285,259,151,116,296,225,226,244,21,304,370,122,109,314,258,236,28,188,208,324,143,322,335
173,169,309,70,53,138,219,261
357,201,241,235,251,105,388,310,152,68,372,116,304,9,207,72,75,296,324,41,283,59,286,109,294,270,234,175,226,248,156,311,322,15
210,230,80,179,284,1,367,241,219,303,337,191,183,208,318,221,228,278,217,77,369,73,137,29,198,123,38,288,110,59,319,349,63,197,85,371,312,6,177,82,266,382,249,57,84,264,130,220,144,316,147,320,317,152,72,339,375,39,218,362,12,315,14,335,238,340,251,141,13,331,211,329,227,277,162,310,281,212,343,186,195,308,203,10
180,327,138,101,16,148
