244,58,116,108,213,165,288,52,286,158,101,220,17,139,198,194,177,261,84,75,48,51,73,278,152,55,126,196,219,264,217,281,258,276,175,10,129,176,64,297,71,117,185,145,104,149,262,171,82,203,231,18,59,53,143,66,270,197,205,280,92,61,230,162,202,41,157,300,33,124,159,179,57,7,36,62,240,105,144,183,208,195,170,122,186,80,221,115,255,266,107,190,214,182,192,56,147,96,263,169,238,239,109,76,46,284,135,251,272,199,187,232,226,100,173,250,89,16,112,40,34,88,279,95,140,42
10,196,71,194,40,163,173,11,86,300,152,281,39,253,280,79,143
4,31,72,29,250,210,258,74,106,101,140,297,271,212,220,298,85,88,125,35,209
156,87,214,84,100,11,297,102,118,186,208,282,272,117,239,157,20,249,296,36,195,12,67,163,253,103,111,16,62,197,300,14,268,139,22,56,49,211,141,34,104,183,39,181,230,3,154,203,283,31,125,24,28,70,155,106,177,150,30,66,178,295,270,218,252,19,161,138,259,187,293,35,71,200,63,135,94,122,225,7,96,207,278,279,234,188,78,228,98,287,223,274,27,167,185,160,176,209,267,108,149,25,205,32,182,21,101,89,159,112,58,173,222,83,210,4,201,17,29,241,251,127,250,85
62,73,236,231,187,166,93,258,226,16,195,89,146,191,265,20,208,219,33,159,204,118,55,262,198,247,297,155,123,248,153,74,66,224,185,28,286,239,126,130,276,192,229,151,223,82,170,143,141,234,200,70,260,25,160,228,246,129,287,278,156,31,104,44,261,245,152,9,193,257,81,87,51,218,285,162,249,194,183,268,101,2,164,280,60,296,83,112,181,277,30,115,133,61,202,148,178,150,300,53,80,42,266,48,256,107,39,163,197,237,67,26,63,201,157,136,250,238,283,37,299,12,92,85,77,149,86,274,190,227,169,127,293,111,110,209,270,180,216,211,6,139,124,215,105,233,34,207,281,90,69,125,106,102,217,225,253,273,241,132,294,117,10,196,242,32,179,145,298,288,56,173,24,291,43,1,168,68,292,189,289,210,78,188,255,203,282,120,108,41,17,138,235,64,212,47,267,140,54,243,131,161,263,13,29,23,21,230,75,272,214,4,72,290,14,119,8,206,15,84,19,50,240,184,71,186,36,137,199,144,65,251,171,35,259,76,220,134,95,182,114,49,22,79,252,177,98,116,18,27,11,205
41,49,191,298,75,262,8,44,183,297,208,246,256,150,207,154,235,230,72,70,285,173,25,14,135,95
110,218,229,75,51,180,168,220,89,235,138,194,275,273,260,127,201,129,257,19,97,186,78,284,153,50,211,1,158,23,102,77,240,27,162,255,148,103,289,55,177,60,204,8,214,163,216,159,263,157,151,279,246,125,86,7,250,15,31,142,268,212,2,88,238,199,192,144,269,56,118,243,167,283,5,234,117,156,40,135,184,98,116,209,196,137,4,215,298,39,126,13,299,276,182,188,63,251,52,30,59,169,161,18,124,155,61,210,120,69,189,87,288,190,247,296,166,24,107,175,147,206,274,68,149,92,285,119,267,227,170,239,131,152,165,198,178,179,249,16,134,79,83,42,222
290,96,45,173,278,2,239
197,182,281,65,288,183,70,53,206,246,242,162,60,111,189,266,112,78,156,50,204,137,252,253,280,33,152,40,212,24,129,188,168,154,176,258,43,61,291,8,117,22,28,27,105,30,293,94,238,235,74,247,102,13,263,192,163,150,240,278,73,83,46,106,20,160,208,128,255,232,9,210,62,177,51,88,300,44,130,244,286,31,201,275,184,76,297,268,92,82,121,276,296,220,256,132,264,279,96,138,219,107,185,14,4,122,101,267,190,21,109,155,211,193,71,157,49,194,207,269,175,81,277,203,239,245,100,123,57,6,131,227,187,236,69,228,118,260,56,25,153,32,221,38,270,241,282,37,170,120,287,248,284,234,136,58,147,95,209,141,134,10,108,85,11,290,295,199,169,250,119,52,144,42,5,257,64,116,23,216,145,213,148,222,18,217,299,166,180,261,104,63,233,230,55,93,86,127,26,124,249,125,262,35,72,171,90,229,283,225,114,165,54,178,98,226,164,172,41,237,140,158,273,67,29,191,215,231,87,16,205,198,200,15,7,115,254,1,271,133,251,167,45,224,202,103,68,274,292,12,243,161,36,2,99,3,48,289,159,218,89,110,34,285,126,181,259,214,173,265,77,19,195,142,143,39,223,84,294,75,196,80,149,79,139
220,76,19,199,290,3,217,38,17,53,193,179,274,237,188,247,75,226,140,291,110,293,187,59,281,145,133,51,92,11,285,158,144,130,131,208,5,156,198,97,39,63,34,254,35,48,210,221,85,189,111,267,150,103,299,277,141,178,4,204,56,256,55,44,89,148
181,251,120,257,117,266,294,247,115,80,286,235,18,155,100,96,282,2,263,60,277,275,200,92,205,291,57,38,300,217,156,113,165,268,157,289,219,142,9,187,234,204,290,207,95,67,149,97
125,132,276,258,231,227,263,1,124,19,27,3,65,209,218,267,277,173,253,69,187,295,28,207,211,77,229,225,122,46,107,180,220,266,109,72,23,104,178,38,194,164,242,127,275,153,26,288,78,210,157,168,283,116,274,6,294,92,74,251,4,179,213,260,171,195,239,128
112,274,72,252,45,64,110,101,149,98,137,113,248,235,18,8,58,144,7,177,93,80,22,44,167,155,209,268,217,265,207,158,290,159,121,269,261,11,103,84,300,294,219,141,164,114,272,74,119,129,70,12,120,283,140,43,67,71,174,166,179,88,291,230,35,38,32,187,28,111,247,86,255,33,281,142,107,258,61,122,83,188,184,79,250,157,299,52,81,50,16,63,134,151,228,153,200,171,216,275,175,152,191,284,21,132,244,242,14,19,222,263,270,267,214,245,51,186,91,185,211,254,66,25,262,75,108,251,41,203,76,160,1,148,224,40,279,96,135,170
260,263,255,124,178,27,129,4,232,125,221,40,163,242,217,171,261,248,235,240,88,109,102,20,274,181,246,265,199,2,21
21,249,150,273,243,168,214,300,271,106,264,208,34,279,294,77,255,50,7,286,186,103,191,292,164,85,202,165,195,72,112,274,64,114,69,234,160,95,123,110,60,6,65,267,9,290,144,169,236,135,265,248,88,45,76,28,136,29,91,225,231,74,288,107,200,241,204,99,63,177,24,263,66,147,27,19,61,128,199,80,12,130,134,151,223,284,16,182,176,35,189,216,230,89,108,23,43,277,84,37,218,94,157,224,167,33,194,260,17,18,49,299
158,126,129,60,197,213,15,171,151,191,136,12,143,192,180,13,14,280,225,266,196,263,6,207,153,212,300,234,216,140,93,135,139,273,208,111,168,277,76,271,144,23,11,104,41,182,30,269,200,284,145,22,35,16,88,34,193,181,179,110,69,67,217,31,46,186,122,254,294,252,156,219,138,176,20,264,150,147,231,282,233,258,50,154,235,105,287,288,187,279,185,29,137,246,80,90,97,250,295,119,262,36,173,56,95,4,240,9,27,244,70,26,256,210,134,42,117,268,286,84,100,7,59,189,243,141,184,255,128,298,48,230,112,1,245,51,106,5,215,114,190,194,33,127,202,118,19,206,120,113,251,247,78,238,74,201,281,52,125,188,71,148,299,53,183,91,132,270,172,163,227,8,205,44,115,64,99,2,293,3,155,146,54,159,226,18,160,211,204,85,276,28,75,221,289
81,261,122,67,173,293,271,76,146,11
36,285,15,78,232,216,299,289,272,2,135,201,157,136,246,184,241,46,253,286,290,145,85,11,148,48,79,123,131,150,109,89,190,32,207,4,71,84,257,259,1,81,191,110,52,245,30,248,258,261,187,185,29,97,26,240,73,82,114,178,300,140,252,239,88,43,39,19,225,162,90,174,23,64,146,12,63,92,231,68,204,116,45,218,95,211,20,198,120,217,99,175,98,256,158,281,251,182,58,18,69,47,33,50,238,224,282,277,268,193,213,96,80,94,65,298,93,121,284,101,28,139,151,91,199,41,255,214,134,235,186,67,168,179,152,137,61,271,180,254,57,115,128,144,244,3,194,164,173,77,229,292,9,228,294,163,5,8,107,212,297,189,293,280,87,14,249,124,22
172,188,130,26,73,8,141,97,195,281,264,151,211,51,94,226,198,83
273,205,190,276,232,15,27,150,171,202,98,174,291,214,126,288,296,64,117,280,236,162,170,154,38,43,287,94,30,89,136,122,267,32,299,259,114,83,245,201,228,90,143,182,283,191,20,155,133,22,271,116,230,18,63,221,149,164,84,75,24,222,102,121,204,70,36,71,237,295,148,286,106,66,152,255,103,188,34,290,277,139,137,241,261,178,229,69,95,270,208,54,14,42,76,166,184,215,253,238,45,118,224,179,81,101,177,48,96,167,257,272,218,282,72,123,142,274,235,147,196,7,223,78,107,49,127,135,68,56,247,207,60,87,140,26,120,153,260,29,129,275,111,173,233,131,46,212,254,82,104,108,181,225,246,213,210,6,158,109,183,220,132,12,163,79,156,217,192,5,74,16,110,180,278,279,50,281,33,73,186,187,138,41,88,134,269,144,194,105,266,300,61,292,248,293,65,17,239,85,240,119,3,252,200,35,203,195,265,124,176,10,165,93,92,28,197,209,284,206,168,62,57,298,13,115,141,80,58,199,161,31,8,19,40,67,297,211,193,39,289,51,175,244,242,172,231,21,243,268,160,44,11,151,97,9,25,1,169,249,189,128,100,264,216,145,91,113,23,227,55,77,146,198,256,219,4,159,285,250,226,2,263,99,294,53,112,37,157,86,125,130
164,203,75,69,289,188,212,103,246,23,169,284,89,101,172,197,271,290,282,10,123,32,270,269,113,97,237,144,262,173,85,100,22,17,28,21,294,61,267,109,41,4,132,42,215,263,184,235,177,60,72,266,286,20,297,183,138,149,273,152,74,91,5,64,116,176,145,156,253,126,13,48,52,110,146,79,63,148,206,37,92,207,133,162,223,193,121,104,227,202,300,157,12,33,276,80,264,70,166,131,218,81,105,143,257,150,119,198,141,24,292,250,84,15,115,87,229,76,254,26,7,153,195,201,208,31,125,68,151,66,247,39,53,279,107,94,189,260,118,230,50,93,139,288,190,25,128,159,114,179,8,54,275,174,278,205,51,120,281,285,1,241,98,209,236,108,196,135,59,171,222,86,29,49,295,36,228,57,102,40,214,167,213,158,137,238,95,18,243,67,65,200,88,16,244,231,62,44,299,178,161,77,127,122,226,147,165,56,249,3,185,163,35,296,255,111,129,224,43,194,160,259,233,187,168,154,106,19,239,191,268,170,220,82,96,71,258,242,180,219,140,55,272,265,6,293,261,78,199,134,155,221,274,142,117,234,130,298,283,240,99,58
86,299,214,248,243,36,91,298,210,9,249,163,4,118,200,60,217,88,284,165,51,254,266,71,166,212,21,203,93,19,81,274,291,13,296,74,56,272,104,110,276,202,169,183,292,300,209,222,295,239,112,78,99,259,144,47,6,178,35,116,255,269,162,43,97,194,1,175,61,236,199,37,73,11,85,80,205,261,186,25,211,62,107,64,140,285,180,8,278,114,240,53,193,136,137,156,111,287,142,17,197,213,143,31,251,52,263,252,179,245,68,237,241,95,267,24,119,20,158,150,277,122,198,172,174,258,28,195,139,96,275,105,65,113,129,215,3,280,235,82,224,233,117,221,32,192,131,127,273,207,124,185,223,218,22,44,132,149
96,35,244,66,147,205,37,88,251,208,299,157,222,21,280,107,235,274,236,224,212,6,48,16,40,253,211,83,114,17,289,219,195,77,213,139,239,5,223,144,188,125,26,110,193,10,94,146,97,246,155,161,267,285,36,15,18,30,259,262,237,248,90,31,298,169,231,270,143,250,238,214,117,201,165,196,284,245,127,80,198,149,140,256,57,156,294,271,187,44,111,1,170,295,218,113,7,268,150,240,42,102,179,241,185,207,106,91,74,68,33,191,266,233,54,177,124,65,181,89,59,67,39,46,277,119,230,275,130,225,252,41,135,276,2,121,87,105,265,71,115,148,168,229,73,75,50,3,86,98,8,254,70,61,58,27,100,85,183,104,232,273,145,209,202,159,112,93,167,272,53,24,134,101,257,129,19,258,32,255,279,20,22,186,263,34,261,84,176,64,166,51,173,79,69,287,220,184,136,81,13,293,197,300,281,290,283,249,203,60,92,199,153,11,182,260,226,45,47,171,163,154,12,76,269,164,297,296,291,49,43,137,108,63,206,242,190,192,175,151,215,103,228,210,133,227,180,118,109,288,52,78,141,138,122,282,14,174,38,29,189,286,132,131,28,126,120,234,278,217,221,172,264,158,62
70,181,5,30,37,138,33,65,185,180,103,73,157,120,45,288,15,175,89,86,295,8,109,197,16,214,23,129,267,257,228,196,299,191,218,293,183,52,232,100,241,237,225,178,116,75,77,24,284,143,126,170,74,72,153,292,256,270,54,29,266,167,134,278,190,171,244,112,152,227,206,168,137,105,217,173,22,294,286,135,269,108,59,87,204,111,164,1,163,277,187,199,83,67,169,198,39,220,182,34,118,38,205,279,97,285,13,224,246,26,121,219,203,238,211,272,96,94,127,19,273,195,262,141,176,222,264,282,300,124,174,115,150,186,142,80,4,114,194,48,298,42,123,155,113,81,242,156,172,71,82,240,31,85,149,106,144,166,212,200,230,20,177,280,249,231,102,119,49,28,247,35,132,10,12,6,90,148,239,32,158,290,297,145,27,136,160,40,146,17,139,268,47,253,95,99,14,11,234,50,93,69,192,255,110,88,233,245,55,122,221,131,252,46,189,275,43,92,254,193,216,235,236,79,243,107,154
220,1,162,25,227,132,159,104,12,76,268,14,70,2,74,102,160,92,111,169,241,242,93,39,215,152,180,118,62,18,53,196,124,238,214,194,171,256,84,200,206,223,95,122,218,273,58,237,113,107,211,286,262,163,47,97,50,115,5,288,125,138,208,187,234,155,142,153,221,136,248,249,293,23,112,219,32,261,55,3,20,75,148,141,281,69,216,284,190,130,144,197,235,49,275,73,135,166,44,271,233,258,205,29,198,56,224,253,123,228,195,213,251,236,64,263,45,270,172,87,110,101,168,269,109,88,186,173,174,267,283,252,149,4,72,239,232,68,120,133,181,100,279,7,26,34,161,266,298,36,57,15,35,8,222,94,259,59,98,199,9,226,28,164,63,16,189,297,13,43,108,40,60,157,183,129,185,179,289,103,278,240,178,19,82,71,80,265,121,66,245,177,48,54,21,282,22,207,201,106,300,167,276,264,96,182,139,42,77,146,145,114,65,127,116,41,11,230,89,225,134,210,137,192,165,291,51,292,37,147,244,150,52,143,117,105,285,229,255,257,188,156,126,38,290,274,212,128,243,209,280,91,90,217,85,184
92,261,11,110,75,116
290,111,265,158,197,229,140,258,143,237,44,292,106,123,166,29,191,15,63,134,67,277,128,274,102,11,53,254,159,193,47,64,172,203,43,153,189,68,65,54,136,78,288,267,104,112,133,28,164,31,139,185,175,135,132,255,282,171,299,59,26,216,114,50,218,298,199,239,278,243,198,214,230,204,118,268,291,147,12,131,21,7,119,176,156,184,238,246,16,52,283,3,23,276,69,169,210,20,130,27,66,209,74,212,36,56,224,72,51,294,200,235,90,84,225,39,222,188,45,145,37,38,194,297,231,80,234,170,4,141,149,81,167,289,41,253,24,62,178,122,61,116,261,281,97,262,87,115,137,79,226,244,142,186,98,148,221,264,154,236,181,285,174,223,32,300,22,202,34,151,195,48,77,9,25,266,177,259,109,2,33,120,272,284,162,103,179,279,233,182,70,150,83,247,76,146,213,157,295,60,232,173,10,152,260,263,275,269,6,85,117,161,155,71,256,124,127,138,196,270,245
299,143,166,169,269,73,297,5,254,105,67,140,199,23,52,204,12,106,53,68,95,223,245,218,39,29,239,286,113,30,220,271,108,11,135,165,268,182,60,277,178,151,193,110,24,2,191,49,13,136,144,181,173,124,75,125,111,298,167,81,207,291,242,296,222,195,259,4,40,187,300,77,8,184,163,17,159,295,255,21,284,79,180,91,176,115,45,270,134,273,279,66,153,158,1,183,71,237,6,212,50,289,10,257,294,250,171,43,121,174,211,206,123,138,139,219,186,157,160,252,227,164,31,61,230,88,62,86,41,262,156,258,272,292,233,117,120,78,34,168,36,48,215,74,253,278,155,287,246,283,33,112,126,93
134,22,58
164,232,42,167,220,285,195,182,44,243,34,5,168,116,208,258,6,82,204,247,221,90,147,284,209,219,26,89,15,79,281,273,202,93,114,253,231,29,139,22,276,170,50,173,132,175,62,23,135,35,279,25,227,80,205,282,283,4,187,225,193,99,64,207,68,226,218,2,69,296,241,197,131,11,107,267,271,70,289,33,86,216,88,122,67,185,280,136,43,28,229,105,237,234,32,10,49,179,166,128,290,27,109,143,30,124,13,295,40,77,95,102,277,8,291,39,256,300,211,297,61,239,19,266,140,60
159,37,165,291,73,22,26,89,23,71,125,116,33,112,130,212,126,188,280,155,189,262,174,221,172,214,24,249,289,224,287,43,235,250,85,124,67,150,160,35,63,178,275,129,4,169,259,200,97,76,210,263,137,92,267,151,180,107,54,49,105,269,209,19,136,228,208,11,94,266,264,245,202,179,134,82,98,196,3,101,162,239,103,167,12,144
101,63,36,142,190,143,136,103,32,94,125,215,259,66,64,110,299,227,266,233,6,9,165
245,162,47,201,49,287,132,233,244,263,208,124,105,140,243,57,206,180,232,133,3,88,282,258,71,90,250,161,11,85,84,60,171,119,211,217,93,284,190,80,235,251,97,37,91,173,17,283,70,222,272,69,151,34,18,172,254,252,106,193,32,168,293,46,273,253,246,59,156,94,166,73,112,260,187,117,183,170,76,64,184,20,274,74,136,221,23,204,240,210,58,230,191,236,264,4,152,22,298,249,148,179,21,43,257,174,277,248,129,261,146,50,118,48,255,111,185,268,108,54,294,100,215,163,279,147,194,92,300,95,149,213,145,267,285,234,150,239,276,238,6,102,56,278,247,224,237,216,27,110,169,81,89,62,299,200,9,8,130,289,195,125,218,295,126,19,66,101,96,28,288,202,225,262,83,175,160,229,269,41,227,182,188,104,13,127,10,153,35,123,155,2,39,142,228,116,55,178,113,219,63,53,176,79,122,1,165,290,205,120,61,131,31,196,177,114,12,291,144,65,154,52,72,139,137,286,209,189,207
284,71,3,115,74,260,153,143,222,204,18,12,290,34,83,221,288,256,33,151,224,7,60,68,150,85,91,268,194,158,295,258,226,218,241,59,4,28,287,225,234,50,98,1,9,122,101,58,75,105,27,269,79,32,169,129,93,214,296,61,123,147,173,293,178,205,110,102,86,40,13,231,162,291,100,53,206,168,157,55,37,96,185,118,63,42,152,263,92,76,282,111,253,46,11,215,36,130,48,262,94,216,117,232,212,202,240,189,254,138,248,229,267,135,107,196,119,140,199,22,300,209,171,99,242,219,167,190,279,39,156,280,272,15,243,246,106,149,155,193,298,261,65,265,292,217,203,191,139,90,121,161,103,255,273,88,294,266,230,5,245,213,187,198,43,154,184,35,299,80,164,10,25,62,30,127,45,200,142,281,165,112,67,250,297,145,16,124,78,289,236,238,177,109,19,70,264,271,233,52,195,249,182,257,159,239,166,21,47,270,49,41,72,148,141,24,23,197,188,172,286,201,95,244,54,144,251,133,160,87,82,66,259,125,211,207,120,26,136,108,104,208,210,252,186,277,116,146,131,137,283,6,247,183,192,57,81,84,174,77,44,180,38,56,278,274,29,2,163,51,8,235,285,275,17
278,48,249,297,60,129,284,253,193,291,47,1,218,141,198,23,248,19,173,178,175,155,107,206,237,282,216,262,64,208,54,79,46,72,91,180,213,217,157,32,266,96,269,62,12,296,26,207,144,177,9,264,86,223,38,5,7,195,11,121,194,119,15,256,259,200,39,270,219,287,63,189,90,71,258,45,214,238,111,224,225,243,145,146,210,182,16,283,87,123,81,165,290,152,13,30,10,92,53,44,6,247,162,135,204,275,184,205,143,240,242,14,125,160,139,159,274,118,120,147,114,37,24,108,3,106,105,95,21,199,273,197,190,260,112,232,172,137,88,227,94,103,294,181,98,51,133,131,76,85,4,134,113,221,132,29,128,100,122,179,202,104,31,69,230,75,52,18,50,233,183,101,234
245,148,56,44,295,226,54,277,68,287,90,193,14,70,187,186,124,76,283,263,246,72,248,176,144,229,141,2,191,77,237,114,133,33,104,182,87,242,127,66,195,83,84,19,299,223,111,218,150,281,260,240,21,214,91,60,103,219,24,158,10,156,251,116,119,256,28,230,31,78,117,74,236,38,108,75,134,142,110,175,207,92,285,228,96,93,278,174,231,42,167,165,196,157,18,252,286,27,183,26,159,169,243,153,34,288,122,171,220,129,154,199,233,297,98,180,52,131,254,259,25,265,39,100,200,59,17,225,179,112,275,50,181,113,206,210,51,238,272,135,9,161,190,115,128,143,239,65,204,289,294,102,273,85,298,201,192,255,163,296,247,202,293,106,178,125,79,166,208,215,64,197,269,224,48,266,203,6,35,12,184,126,217,249,253,188,160,205,45,22,151,61,41,55,4,216,140,89,105,268,32,244,36,88,8,162,138,227,149
150,29,247,117,209,66,190,3,111,69,121,259,249,188,281,149,45,197,79,292,244,122,25,74,169,273,295,44,177,24,276,130,214,48,158,185,155,64,208,62,137,140,160,116,92,16,143,60,220,196,11,100,229,228,257,36,226,269,103,232,260,110,173,245,299,142,95,94,219,17,222,90,290,199,71,127,134,96,97,65,141,285,230,133,41,182,216,193,221,296,294,119,15,12,53,34,46,165,21,70,4,78,286,233,280,206,235,237,99,225,47,30,148,123,250,192,278,56,289,146,37,248,224,152,217,194,67,231,104,171,73,139,61,84,125,105,210,109,55,291,176,254,267,32,183,129,175,251,23,136,238,68,51,201,58,75,243,255,7,164,85,272,18,234,131,239,287,38,266,256,157,52,86,144,102,264,275,162,76,211,112,178,98,57,118,77,204,91,31,262,212,300,179,283,22,240,108,282,163,263,39,215,135,156,13,198,115,20,284,170,258,218,271,10,270,8,14,297,81,54,253,205,207,1,195,184,113,261,153,200,191,82,180,223,277,59,145,114,42,101,203,106,120,279,87,126,288,186,181,63,147,187,28,83,168,151,19,5,252,246,161,9,40,89,236,202,138,93,88,172,268,265,80,189,26,298,35,167,242,166,159,27,227,107,293,174,43,33,50,128
237,190,294,199,142,16,148,116,186,95,128,193,115,197,65,6,222,77,239,290,87,79,232,162,220,263,234,159,296,100,125,160,35,183,72,178,292,184,84,200,48,21,44,124,228,26,57,121,49,107,286,156,17,219,94,93,90,152,68,174,242,153,86,164,92,80,230,240,60,157,191,189,269,216,105,88,224,29,143,51,22,137,71,254,249,248,18,250,154,264,82,166,122,8,36,120,268,209,259,255,28,5,27,73,104,210,63,112,23,12,225,289,177,182,213,145,64,1,257,136,144,218,282,109,15,45,96,277,258,131,2,217,187,138,47,295,163,179,280,253,133,24,97,245,140,10,58,208,276,106,147,42,132,41,206,270,265,55,288,202,201,185,52,66,139,37,43,150,195,181,168,129,256,4,135,262,62,188,267,287,85,149,229,176,7,113,151,252,78,76,293,75,117,31,69,20,272,103,98,114,266,284,300,165,127,196,279,19,221,83,54,214,244,3,130,34,281,33,13,167,299,273,297,236,89,30,212,158,198,227,180,246,211,11,233,56,111,81,243,247,118,207,223,46,170,261,231,99,192,215,205,9,53,70,194,203,101,251,298,141,108,173,283,169,38,226,172,59,260,271,91,123,161,204,291,238,241,171,61,102,146,285,155,274,50,74,126,32
58,90,14,163,129,191,296,200,48,37,258,10,95,167,298,133,180,273,6,35,297,176,5,193,250,31,209,292,52,97,263,139,9,16,33,237,274,23,178,189,98,288,61,136,130,270,109,73,99,284,149,181,83,236,18,70,177,208,120,4,203,56,265,145,214,80,91,294,252,74,49,82,198,241,223,60,299,13,67,154,277,185,229,53,19,141,251,27,254,45,226,285,233,65,117,12,126,28,160,116,264,268,51,84,249,101,62,106,102,291,212,290,128
113,59,40,201,39,11,295,184,176,240,29,111,220,194,96,160,196,256,56,279,273,270,267,286,120,84,268,237,204,94,51,123,79,275,281,8,259,296,127,212,67,197,211,1,284,38,76,128,135,157,249,19,37,263,122,6,188,5,145,151,269,48,299,238,251,255,42,235,121,192,208,272,154,142,105,215,178,244,239,183,177
89,269,44,77,151,50,119,97,298,256,101,243,79,266,263,198,62,196,238,211,261,178,234,60,32,224,182,279,80,146,230,260,171,156,12,166,83,137,136,219,214,5,217,173,82,111,43,163,150,232,204,16,138,115,195,9,265,225,159,131,18,56,15,48,27,90,277,223,31,64,289,25,295,26,93,291,172,241,258,6,252,267,270,259,37,218,208,147,240,8,36,57,175,215,184,168,124,149,248,221,153,103,271,114,58,99,33,262,110,54,229,78,188,7,180,176,170,104,190,290,282,105,227,30,226,21,123,55,102,202,236,158,35,19,189,183,109,130,29,141,46,179,155,292,144,297,122,253,14,38,233,59,257,244,92,41,169,28,13,85,96,209,247,68,4,126,242,139,235,120,49,152,127,51,251,118,88,107,22,116,17,157,135,222,272,39,61,143,106,296,206,134,284,154,285,193,250,161,268,286,94,275,239,237,128,67,117,299,162,20,34,75,133,3,273,216,52,283,174,191,2,112,74,69,187,201,181,86,167,280,293,76,98,91,264,192,72,245,212,199,40,249,71,288,108,66,255,177,70,145,45,23,10,185,160,231,194,200,228,276,84,254,140,281,129
87,127,97,20,264,215,92,75,62,170,272,226,111,155,15,16,255,50,274,167,42,177,290,106,57,175,120,266,189,237,139,37,297,119,160,234,29,174,56,80,25,293,103,114,9,275,30,28,117,141,204,187,13,38,44,295,104,253,34,171,233,252,74,53,46,33,107,12,168,243,158,59,153,98,133,70,228,193,239,300,35,221,258,138,271,225,190,207,269,282,64,203,278,66,157,195,270,210,14,6,68,291,244,19,262,285,115,161,176,41,82,179,245,144,257,159,147,54,105,112,26,99,151,182,246,267,24,192,284,142,231,108,11,90,172,199,102,128,194,116,247,197,165,47,130,21,148,169,196,181,43,217,71,216,86,72,121,78,45,283,73,100,299,235,58,152,32,7,201,124,123,166,218,145,265,91,280,94,51,232,95,89,273,96,213,137,1,212,208,294,259,65,10,8,296,17,200,286,162,249,132,5,40,198,60,205,277,146,178,136,84,183,156,209,110,220,229,202,242,276
268,197,256,287,99,165,261,285,4,86,59,201,83,224,108,243,204,162,297,156,206,25,247,152,41,275,238,19,232,282,290,47,153,254,187,130,208,191,24,29,171,144,266,252,209,133,291,148,300,58,90,149,126,53,190,132,207,61,73,222,80,277,189,60,265,280,272,42,179,186,104,22,100,281,67,150,230,93,253,36,55,35,56,279,194,117,176,173,110,293,57,227,258,82,249,160,255,51,205,278,6,64,166,50,15,71,9,140,240,262,217,178,195,244,97,151,289,8,79,21,257,37,154,138,89,212,12,283,123,72,214,271,101,129,125,136,77,45,276,181,158,39,74,175,10,231,213,87,46,228,203,170,66,102,251,198,2,245,172,168,113,155,183,142,85,121,81,260,114,215,263,16,235,43,161,38,286,63,298,169,218,294,62,13,92,137,163,84,70,44,199,233,122,146,147,239,124,69,237,288,14,164,54,216,40,143,145,202,248,118,295,226,229,95,184,196,27,1,96,91,219,127,30,76,131,3,20,185,223,33,112,49,11,68,135,103,32,221,259,128,292,211,52,107,159,98,116,188
262,103,203,253,151,201,65,83,101,130,245,33,193,54,7,141,161,234,272,260,276,209,200,298,122,46,198,30,4,74,204,5,61,275,69,18,300,192,139,277,273,266,25,242,271,63,58,297,268,293,44,157,72,216,34,156,229,125,37,66,134,226,182,85,213,70,79,185,112,231,236,210,164,150,42,81,118,163,36,59,3,91,17,53,295,8,263,99,96,133,177,124,217,238,149,287,279,254,77,247,248,108,40,174,111,84,265,26,155,232,19,11,292,294,116,32,235,117,132,92,281,16,218,244,78,188,196,75,137,222,115,225,243,190,89,144,223,258,194,269,197,114,45,27,264,68,205,267,175,166,180,119,82,110,100,67,128,165,221,9,131,71,181,93,230,52,255,270,286,278,211,249,98,202,49,113,39,227,140,178,283,127,86,120,241,145,252,240,136,121,296,142,148,250,62,43,170,208,184,48,73,167,171,154,186,246,189,24,47,187,152,87,146,6
98,157,162,279,138,291,101,258,161,263,9,251,128,242,108,227,63,250,235,196,246,212,195,52,239,10,201,299,45,192,140,144,15,240,58,274,200,137,148,130,145,260,266,149,93,121,27,147,233,133,20,174,110,207,73,167,293,103,202,127,125,208,7,129,81,180,204,13,113,252,222,48,159,249,287,57,280,221,269,225,68,143,281,255,87,119,17,146,165,216,158,96,118,32,173,55,100,256,24,264,190,102,60,224,91,77,150,276,22,16,166,198,31
84,235,101,126,160,61,266,291,258,118,179,43,211,114,295,194,41,78,198,47,39,187,134,184,294,54,55,25,15,135,288,20,96,232,18,63,262,240
292,133,86,245,106,253,241,267,124,201,67,112,125,164,256,89,118,290,251,273,228,240,220,120,248,48,252,191,269,176,139,78,75,85,297,61,27,157,209,229,239,197,64,81,165,184,83,102,29,53,193,174,182,109,22,92,82,168,10,79,131,144,58,94,246,145,137,60,160,175,204,158,181,90,179,73,46,23,279,43,162,52,268,154,51,234,200,287,210,54,212,230,192,272,276,71,119,14,107,250,95,178,271,121,217,225,17,167,219,196,299,202,24,47,34,38,254,33,233,291,13,1,198,101,128,62,35,105,37,289,110,264,108,286,222,41,151,166,59,186,261,177,280,45,247,12,187,141,283,40,163,150,115,18,100,214,215,88,300,188,242,170,294,16,117,114,99,80,84,278,4,298,147,103,199,93,263,130,259,275,57,236,69,15,129,155,161,262,11,180,8,127,39,224,31,3,171,25,277,207,159,223,55,98,44,26,284,143,87,152,68,169,244,142,237,172,146,257,91,235,104,30,70,135,221,282,56,185,6,36,126,226,132,97,190,72,5,189,195,149,20,231,96,270,227,134,213,288,2,249,194,138,255,28,123,293,211,113,9,116,77,258,111,32,208,156,136,65,183,265,148
46,218,197,211,110,12,68,27,43,292,174,242,269,232,14,49,127,192,247,221,284,105,252,171,133,1,120,202,158,265,199,294,121,235,166,257,140,268,289,175,118,258,224,228,189,222,280,88,300,48,254,145,295,4,219,185,94,246,137,220,108,187,28,277,161,194,98,33,135,56,123,75,23,79,204,286,263,7,143,196,51,179,100,29,52,149,178,63,38,190,150,169,117,130,70,34,193,207,259,24,76,162,71,230,262,74,173,200,291,172,241,21,152,136,209,186,17,153,32,64,139,156,249,287,274,101,216,124,159,264,126,212,60,285,282,3,163,272,267,10,191,154,201,111,18,231,176,157,90,205,20,86,183,9,181,226,131,53,57,16,91,37,288,215,146,26,214,58,170,82,273,36,266,208,97,95,229,227,59,116,206,270,184,54,125,238,39,50,276,66,148,92,144,248,210,44,256,83,165,11,182,106,55,61,213,80,2,217,142,244,296,19,40,122,223,239,77,89,114,6,109,22,188,41,42,233
1,244,191,2,248,297,86,138,121,66,218,154,85,289,151,200,262,213,134,274,64,24,18,4,41,273,284
159,34,239,131,121,90,63,15,62,87,66,206,96,170,188,216,267,282
275,79,67,54,51,86,148,233,104,27,175,105,241,240,184,106,75,35,133,220,42,279,280,284,267,152,248,288,139,129,21,225,19,100,85,190,38,266,155,185,55,270,272,124,251,166,58,287,52,274,238,57,23,120,146,65,291,296,32,91,94,177,268,235,218,223,228,64,253,289,47,236,5,239,88,271,252,12,259,128,112,28,144,25,115,63,230,74,143,131,200,221,173,286,282,244,149,125,102,245,194,122,107,214,68,156,285,110,118,10,142,192,73,8,294,140,202,56,72,298,111,167,187,87,224,172,216,130,247,299,89,204,90,61,121,116,31,203
127,145,166,119,284,11,280,241,77,12,46,122,288,178,106,39,146,274,108,285,55,136,133,258,287,117,156,187,250,273,154,111,19,255,267,175,120,22,84,121,68,130,212,124,20,177,221,131,296,110,86,205,269,9,232,2,218,118,28,98,89,30,140,207,240,4,115,38,155,17,252,100,48,160,35,57,270,183,247,158,50,79,210,112,32,216,78,190,65,214,282,1,43,59,159,259,93,149,228,95,116,36,226,276,289,262,211,8,107,256,27,34,15,21,47,7,44,16,198
74,24,257,123,192,89,233,283,31,256,42,111,27,41,260,26,36,286,43,82,296,189,169,195,234,112,171,147,229,163,49,238,151,134,154,155,156,116,37,125,185,22,149,206,157,91,71,7,109,285,14,221,225,86,176,114,52,15,104,175,85,237,113,146,60,287,38,294,33,252,17,122,288,168,300,94,29,250,264,292,210,50,205,275,242,215,19,267,138,107,282,181,178,139,53,21,77,240,48,281,76,218,251,51,270,83,11,254,261,102,273,106,64
296,221,286,26,45,173,108,37,136,231,109,21,94,270,66,164,52,171,290,81,167,189,172,195,184,194,25,261,298,163,160,141,85,83,125,259,285,177,169,129,293,152,111,103,9,217,266,31,256,5,75,157,208,223,118,218,230,229,101,71,244,181,50,132,183,159,78,292,197,203,210,10,130,166,300,237,216,57,114,191,158,106,120
125,114,214,98,166,77
196,247,85,54,186,263,198,190,169,84,4,213,64,140,31,7,217,248,245,147,226,13,287,277,202,221,137,286,163,55,155,118,246,268,46,297,45,97,280,242,129,181,86,52,151,261,227,249,179,15,69,74,189,168,203,115,146,107,48,300,152,114,294,223,282,162,99,98,234,89,32,219,119,141,177,201,16,75,121,95,134,175,50,235,173,195,105,267,256,270,128,274,295,66,218,18,8,289,124,65,109,108,253,42,191,283,206,285,214,153,71,193,275,215,36,125,133,231,266,59,56,123,250,290,39,183,10,19,159,60,157,150,298,279,76,135,78,271,230,91,103,233,239,63,72
300,32,240,194,290,142,227,148,84,288,136,126,168,203,286,206,141,113,140,20,81,207,44,229,102,252,38,109,195,205,28,55,93,179,157,138,116,295,298,78,14,76,51,48,89,3,278,160,265,293,184,163,70,24,172,299,124,110,218,244,176,292,220,272,50,239,99,9,72,238,63,5,211,287,129,64,197,2,86,249,294,61,13,199,180,182,200,59,10,289,296,128,29,37,253,57,91,193,188,270,105,267,153,33,88,208,39,114,201,41,247,263,187,131,56,90,117,150,154,6,123,11,27,259,266,225,145,31,144,282,209,127,190,43,79,212,262,7,35,68,254,87,18,49,175,85,171,235,101,271,204,96,178,25,137,198,213,280,139,236,112,165,47,214,67,177,119,143,162,186,283,275,251,151,256,71,69,147,202,264,36,191,234,257,77,97,273,146,95,133,100,98,115,169,106,134,125,52,74,60,53,258,167,246,40,170,215,92,237,164,152,285,233,94,159,173,276,107,1,230,242,261,42,174,279,75,158,228,277,291,12,34,54,118,4,103,149,161,65,241,122,108,232,23,16,135,30,166,192,8,210,297,15,26,216,189,224,268,226
237,101,258,295,129,155,170,100,105,203,172,215,281,2,254,36,14,126,167,86,111,217,280,219,284,144,226,222,48,67,73,264,80,66,52,143,53,34,279,23,150,93,183,89,230,169,20,186,106,242,292,138,30,147,124,25,136,92,235,142,146,270,77,178,49,273,197,15,272,244,88,6,276,249,271,104,216,60,99,64,43,17,127,132,269,297,16,161,27,190,218,59,35,245,108,250,298,168,118,252,90,286,141,58,96,262,275,209,158,130,243,8,81,117,256,200,182,285,277,24,71,282,220,160,176,239,246,194,238,148,208,224,12,195,18,214,121,22,128,54,180,107,233,247,240,210,198,41,201,95,28,109,255,163,38,125,288,223,159,261,253,165,236,68,61,140,294,187,227,189,212,291,193,211,196,50,213,191,225,31,42,228,265,40,199,74,149,113,299,171,192,137,206,87,112,173,82
106,272,227,52,96,293,33,283,104,136,19,132,174,29,199,194,18,76,170,153,59,191,148,53,195,284,124,66,157,267,285,42,220,292,190,17,113,16,83,163,98,32,229,4,99,289,131,180,295,259,7,173,176,73,156,251,299,22,2,253,54,105,231,288,234,263,79,41,200,147,181,45,80,91,107,133,31,238,265,61,160,84,258,129,85,279,93,298,38,270,252,110,56,68,9,233,50,23,266,164,5,81,248,273,178,137,49,244,123,34,1,138,202,300,291,172,152,141,198,14,46,121,261,6,86,78,43,142,145,127,134,149,211,55,74,186,40,70,256,37,192,25,222,151,159,296,228,193,215,177,260,235,62,143,276,257,207,183,48,167,111,130,101,12,162,212,169,75,128,208,155,206,11,166,88,140,187,217,224,294,277,112,3,197,118,97,89,219,95,271,109,63,90,185,126,242,82,203,221,154,39,58,108,240,161,188,281,72,114,213,13,196,44,20,158,119,69,237,77,116,168,254,280,64,245,175,182,87,225,264,139,226,92,268,47,146,120,275,15,218,117,94,236,287,205,115,179,24,10,250,201,57,21,214,282,274,230,26,189,204,150,262,8,36,278,286,28,184,135,122,30,125,269,255,290,243,60,216,232,65,241,247,246,171,103,210,239,35,51,165,67,209,249,102,71,223,297
129,263,93,183,149,220,17,169,185,279,39,63,179,79,115,197,249,40,53,78,212,57,147,283,188,258,191,59,223,198,182,162,48,165,106,252,203,168,86,102,164,70,163,285,241,112,158,41,200,140,159,193,230,97,19,4,23,128,152,108,180,110,52,10,156,273,144,171,143,43,189,295,228,251,118,45,90,275,56,138,259,173,277,84,201,32,271,184,299,66,265,172,237,145,44,296,268,42,151,214,88,245,122,60,89,127,46,246,229,119,294,202,26,256,224,236,87,49,136,101,226,177,270,209,132,178,231,29,291,141,264,262,272,67,28,82,289,22,293,269,114,157,16,64,276,221,123,243,98,2,160,248,131,11,34,95,51,298,35,232,261,190,142,222,139,150,69,175,166,91,234,300,6,3,38,76,133,196,267,126,105,215,286,239,18,287,187,280,113,284,250,176,12,288,77,292,72,240,100,7,281,75,154,20,25,50,37,27,204,1,61,99,211,282,21,55,210,116,124,109,47,24,170,238,266,120,148,216,54,257,137,247,62,235,9,244,68,186,94,205,85,174,36,199,195,255,167,83,96,253,104,207,103,71,297,5,290,208,81,217,254,58,13,121,233,30,65,8,260,125,181,111,206,161,192,225,274,213,155,80,242,146,15,194,74,107,33,135,73,227,278,92,218,31,219,130,153,117
147,151,136,7,126,51,253,202,36,271,252,32,54,76,17,241,109,298,95,159,300,153,166,189,143,100,284,186,173,33,261,93,121,217,184,236,63
126,129,75,235,193,250,56,265,23,57,67,263,125,275,232,8,118,127,205,77,121,144,271,266,241,90,76,221,222,169,13,133,63,27,146,105,179,285,230,200,178,9,148,283,160,185,246,61,48,280,161,43,110,59,94,155,181,249,168,207,99,124,95,190,214,255,299,104,210,264,226,143,88,138,228,64,272,92,108,22,286,103,50,194,219,170,18,3,202,84,49,140,164,248,109,269,234,276,24,119,93,7,35,86,115,292,198,122,83,290,71,176,167,120,98,171,114,147,69,188,106,157,131,256,247,237,242,209,239,46,298,5,85,87,223,135,206,189,33,62,30,29,229,149,270,52,47,10,82,257,259,25,158,224,152,150,284,261,254,295,53,225,101,31,72,102,134,89,260,184,218,282,36,213,291,227,45,279,233,44,182,60,240,268,191,217,154,51,183,208,172,231,159,54,6,288,177,300,137,123,204,66,128,80,293,2,97,42,187,145,281,117,297,81
98,50,270,165,272,153,241,207,74,194,256,282,90,78,2,288,164,95,193,179,160,257,16,277,171,170,48,137,124,198,230,135,159,70,130,184,69,11,53,292,115,80,17,143,91,298,276,176,280,35,275,39,226,112,28,180,147,104,225,181,300,5,201,204,81,105,40,210,62,238,259,264,4,149,15,287,127,128,116,97,45,155,202,27,248,295,111,228,284,8,148,195,214,12,77,84,152,293,47,123,162,274,76,94,245,267,175,114,208,213,145,234,178,206,13,87,182,297,93,103,14,110,279,154,42,41,255,59,168,129,79,223,286,75,265,67,57,250,88,216,269,107,246,217,142,37,58,268,190,151,167,299,101,32,1,92,113,183,121,209,158,239,140,108,296,242,235,224,51,221,133,30,196,283,83,24,3,21,258,146,251,290,102,163,205,26,173,254,177,189,271,191,63,99,211,136,132,237,106,125,156,25,29,119,100,247,43,52,218,66,244,199,64,260,31,252,166,197,186,9,278,157,71,56,49,61,289,86,65,169,172,273,141,117,109,222,294,281,236,185,231,60,10,261,174,126,46,285,291,203
13,36,261,112,113,131,137,152,104,107,226,273,28,150,42,25,229,179,35,108,293,56,114,117,148,77,172,286,257,103,145,200,110,272,85,2,256,19,67,72,208,267,194,84,211,253,58,281,7,57,49,119,135,241,251,71,22,55,140,248,174,284,290,277,282,46,127,109,23,5,209,173,259,213,300,190,188,95,20,161,31,91,250,123,30,41,187,96,270,278,53,217,245,156,158,266,24,228,48,44,236,125,78,175,66,17,294,183,75,291,205,129,128,32,206,264,254,63,230,219,240,210,225,268,10,288,87,239,18,73,186,70,299,37,89,275,120,201,185,12,60,79,164,106,4,54,232,39,165,249,138,101,6,227,38,149,21,136,297,34,83,247,124,16,51,93,258,204,283,262,118,199,159,100,178,43,133,274,243,235,197,191,116,276,143,11,8,212,234,287,90,98,45,157,221,214,126,9,15,237,255,86,207,168,151,132,252,65,265,68,279,193,121,202,280,155,27,76,162,216
38,222,270,240,153,231,242,150,266,268,293,204,275,76,194,42,229,79,167,289,277,7,191,17,74,147,197,9,16,172,33,12,166,119,8,102,287,252,184,276,196,148,228,131,200,163,3,94,64,211,26,187,259,145,207,192,176,281,103,14,19,43,60,72,39,144,99,285,31,130,105,101,149,244,224,216,297,190,160,92,198,272,20,261,97,217,23,95,63,209,30,202,125,260,299,283,251,84,53,269,136,173,62,6,215,107,162,93,122,52,50,295,137,15,243,296,280,77,195,44,267,245,248,179,126,118,199,212,159,114,129,165,100,133,264,108,115,46,87,59,98,22,186,254
267,239,300,185,206,265,55,124,129,251,152,210,132,27,142,213,127,247,157,106,201,140,245,131,272,3,90,161,195,150,219,177,184,78,148,254,162,204,242,199,89,76,93,34,63,128,32,4,288,158,109,244,193,146,60,15,215,125,273,104,203,229,241,291,173,189,176,154,84,10,22,88,271,160,110,237,137,286,224,57,188,236,103,26,36,134,163,256,85,233,58,139,97,116,217,159,37,235,212,218,228,187,259,35,209,249,113,73,166,47,153,258,100,45,225,42,234,20,82,120,297,279,67,268,2,33,183,135,277,72
88,82,94,108,86,151,195,107,166,212,262,105,61,101,239,162,27,111,256,217,196,243,149,14,53,293,93,131,72,9,125,154,138,136,97,249,275,281,28,121,251,124,167,77,159,98,246,183,211,6,34,51,216,299,130,233,106,265,189,276,297,62,201,137,84,171,92,231,176,95,197,139,104,8,287,200,152,181,209,19,99,240,179,188,116,115,47,147,229,85,254,89,268,185
130,70,40,46,209,237,274,295,83,55,178,15,234,232,265,99,175,21,229,264,186,135,88,246,219,258,33,116,197,194,256,18,9,69,239,253,43,67,217,71,266,299,231,177,41,238,168,105,154,51,81,136,227,64,245,75,6,198,289,226,174,220,248,101,230,188,86,8,28,255,190,112,92,54,94,195,283,272,163,57,244,233,241,225,48,183,276,148,104,166,85,143,240,167,78,277,211,216,242,134,107,25,11,173,156,74,203,123,210,111,288,103,35,36,204,252,251,263,100,207,179,236,34,93,84,214,22,261,128,287,37,5,221,20,292,291,120,4,201,121,82,45,31,102,206,213,169,29,72,181,164,16,23,137,290,275,76,286,268,7,30,259,14,171,196,184,297,115,91,50,270,280,110,262,281,172,59,77,13,235,80,109,165,254,147,176,243,1,191,124,10,267,202,155,119,63,52,285,222,298,38,158,192,170,127,189,129,98,19,53,44,279,160,153,117,185,218,205,247,131,58,49,141,300,159,125,126,260,140,95,65,138,146,284,282,228,294,68,96,212,215,90,200,162,223,296,161,3,60,193,180,56,273,39,47,42,250,145,132,114,87,108,278,208,79,271,199,139,2,152,269,17,187,293,157
24,25,204,6,121,226,230,178,167,17,201,88,111,185,30,199,263,257,195,65,128,117,170,180,216,172,125,80,269,231,103,140,297,94,260,159,41,156,108,91,95,151,207,69,22,177,285,148,250,164,48,83,290,129,102,96,145,183,162,254,123,253,11,194,29,16,190,266,136,213,36,179,74,276,116,248,240,149,227,188,8,222,293,78,119,184,85,265,191,210,299,288,152,143,93,4,134,104,55,261,60,19,153,224,39,34,12,1,237,233,9,294,163,155,291,208,37,262,63,64,236,211,198,79,90,56,277,286,243,27,218,5,300,3,232,44
103,81,66,122,63,54,76,35,23,104,176,183,53,271,146,232,290,173,191,219,230,50,273,269,244,59,261,56,284,212,278,189,95,48,127,267,33,42,272,7,145,15,252,276,116,169,74,46,181,123,198,113,78,204,241,20,91,163,226,133,293,285,143,257,227,213,155,12,32,85,286,225,214,72,17,148,64,211,16,71,68,251,160,192,69,70,235,167,126,137,202,289,216,282,112,153,75,121,162,26,263,194,131,27,259,11,238,256,215,260,248,62,165,158,253,49,281,115,1,18,268,98,79,58,80,117,19,300,44,24,125,8,22,151,184,247,57,9,92,295,83,218,55,47,124,280,88,73,287,277,186,86,14,132,100,147,177,157,245,254,135,298,217,292,185,208,13,270,237,223,182,51,262,129,201,283,275,297,229,6,294,39,179,190,93,164,171,94,203,240,161,38,105,106,140,130,187,221,296,246,150,199,102,96,166,2,255,118,239,119,120,180,61,234,231,110,279,188,196,52,99,207,249,29,149,5,206,141,197,36,174,43,67,209,170,159,111,178,41,299,114,220,222,228,138,89,258,236,152,97,242,28,193,224,136,156,243,134,25,107,108,154,265,31,4,200,142,65,84,250,82,34,172,30,128,90,274,139,101,288
288,115,41,15,143,117,138,294,50,81,279,102,93,22,170,221,91,219,152,80,160,234,269,19,29,79,51,32,27,86,116,222,194,94,179,176,298,1,200,65,208,67,291,57,100,123,248,167,54,14,33,131,59,2,125,17,286,157,46,246,216,177,146,192,171,137,201,142,213,274,72,42,36,4,113,68,35,151,188,111,164,198,277,70,285,254,300,56,244,20,126,128,210,180,40,63,83,129,223,7,189,235,224,250,66,76,145,233,174,184,181,185,253,262,199,48,150,278,136,28,122,281,43,155,89,9,90,141,132,154,153,287,107,161,204,297,39,118,38,220,257,251,108,217,92,212,240,271,95,109,99,165,55,206,31,241,195,258,60,106,190,119,159,73,264,134,133,292,259,191,140,112,45,71,229,242,173,270,127,218,247,225,231,124,295,103,263,47,187,87,261,268,26,275,239,101,245,8,163,196,135,238,193,147,299,18,16,227,203,5,30,78,77,175,162,256,243,280,85,82,273,84,96,237,130,183,232,202,272,226,37,172,211,144,148,282,13,178,209,205,3,166,75,249,230,52,284,121,296,182,110,98,169,236,214,207,267,62,149,10,197,289,58,266,252,120,290,156,34,265,21,114,158,69,23,88,105,228,53,24,168,61,6,11,255,293,49,74,276,12,64
169,129,113,136,23,103,144,279,239,91,211,197,141,73,219,5,234,277,130,252,95,276,250,290,111,59,202,114,41,126,238,37,108,236,49,253,258,206,167,84,181,287,4,195,190,9,233,88,62,296,51,246,120,224,105,99,213,151,194,110,161,199,87,265,229,22,281,77,201,83,171,196,12,123,157
91,49,284,144,12,201,165,149,277,152,271,238,173,11,140,108,125,4,213,172,35,294,148,229,154,174,65,28,180,13,63,236,245,239,289,87,24,209,217,135,299,77,182,151,253,293,283,168,14,138,58,46,114,170,184,169,76,54,175,224,226,27,48,59,257,159,244,120,129,79,221,281,207,38,280,23,2,295,250,264
162,96,290,32,249,243,187,207,101,21,205,137,198,191,71,183,296,220,86,248,264,144,206,66,204,72,11,63,171,165,113,223,61,257,265,196,164,287,190,256,275,120,105,117,93,31,176,102,118,136,14,75,157,280,282,298,159,258,192,99,140,210,124,88,5,48,269,293,104,214,177,135,69,28,231,278,253,292,163,247,239,250,30,246,186,13,268,238,12,90,22,173,7,151,35,87,121,260,77,215,169,252,111,122,108,149,78,272,152,24,45,281,56,148,229,263,300,240,112,89,145,50,92,294,194,203,43,18,284,254,179,228,197,270,184,27,127,125,274,170,84,208,267,109,235,141,181,91,41,128,233,244,142,6,59,297,201,25,81,116,161,273,226,106,150,209,172,279,126,123,216,68,178,139,83,115,286,285,289,80,221
56,82,237,64,278,26,21,172,298,111,239,164,109,98,96,297,182,261,197
172,12,183,65,244,253,241,197,120,152,25,60,18,109,251,19,168,64,194,117,232,112,177,267,67,87,154,192,171,243,15,93,188,1,99,270,11,279,293,277,269,33,151,94,204,169,16,272,113,131,77,86,2,125,66,266,286,159,184,275,32,238,20,149,226,288,298,212,132,246,81,174,283,95,156,42,50,211,84,254,276,96,260,218,59,124,61,10,116,280,121,285,189,80,230,210,70,223,239,107,231,37,13,83,102,291,213,123,205,49,88,129,114,17,41,143,165,209,299,8,273,193,9,264,222,98,34,28,30,52,227,75,206,259,201,92,202,248,108,191,247,164,122,110,142,14,72,179,3,150,207,162,53,45,140,176,148,261,257,274,68,289,290,57,24,7,249,236,235,141,199,38,36,180,167,78,128,287,31,90,79,268,74,196,170,136,214,40,26,153,187,255,237,252,265,138,220,137,103,135,76,219,71,144,85,91,118,155,101,296,145,111,295,242,234,158,278,139
113,222,139,44,194,216,218,92,26,21,86,141,182,77,39,81,295,150,11,3,102,261,283,214,34,186,268,88,124,239,263,138,60,174,275,137,109,134,188,111,87,164,32,236,221,61,15,293,172,135,209,280,66,230,159,224,168,173,147,62,252,245,233,153,287,231,156,72,290,167,43,74,158,131,299,255,183,108,78,208,121,106,99,207,223,56,1,115,52,215,95,248,298,73,10,144,235,33,91,170,65,12,217,64,286,202,294,195,96,38,260,259,271,9,179,162,50,185,151,27,132,100,278,53,42,122,142,189,110,169,250,291,266,127,140,31,114,2,200,37,219,46,213,17,155,300,75,35,178,97,90,242,234,36,292,148,196,54,251,24,14,243,157,176,55,296,103,58,23,226,80,190,130,128,272,297,191,210,249,161,192,85,187,98,79,267,57,28,84,112,69,212,125,59,256,143,126,63,89,116,83,204,68,49,7,258,8,282,220,193,241,129,232,184,270,276,22,41,6,18,118,82,29,199,269,163,281,246,20,180,19,25,211,104,30,149,203,253,279,227,145,4,284,71,198,206,274,76,67,177,197,201,225,93,94,289,229,237,40,181,160,277,265,120,16,117,166,146,262,165,47,123,285,133,171,48,13,247,244,105,228,107,238,154,288,101,205,136,257,240,5,119,70,264,273,254
250,41,22,181,92,29,188,209,182,270,20,227,164,298,194,18,290,137,91,123,195,150,122,178,4,15,293,232,289,296,279,256,167,221,269,161,80,212,74,162,28,75,81,198,207,248,278,31,32,208,60,264,277,105,287,50,84,145,174,263,180,191,136,233,53,299,68,71,300,97,37,176,244,158,5,265,1,133,247,205,113,11,153,202,230,23,127,294,139,253,87,262,134,217,219,131,257,57,8,151,35,243,193,73,155,224,78,240,148,58,129,108,179,274,206,59,56,38,245,119,220,271,185,70,197,116,286,65,173,36,62,199,200,186,149,268,273,115,297,51,111,76,218,110,12,266,156,267,242,2,171,16,112,66,55,94,61,24,141,215,246,259,190,54,25,291,281,82,252,93,125,231,138,124,235,187,49,102,239,17,210,77,39,142,272,69,132,146,140,177,95,175,229,43,260,34,63,189,72,52,254,211,170,86,152,26,103,275,292,169,255,214,157,223,237,147,13,104,204,135,283,109,48,172,96,90,46,118,47,163,196,6,143,183,159,33,276,120,126,228,21,99,295,166,236,249,117,14,280,284,44,192,216,9,282,121,241,184
234,79,100,67,44,254,196,167,227,8,36,92,95,53,174,74,289,139,210,72,26,271,42,160,29,131,55,213,244,295,13,143,293,177,229,104,38,110,188,16,228,180,125,183,205,159,189,173,12,93,70,231,259,212,214,130,209,235,248,296,247,147,60,47,61,126,222,272,141,263,251,265,232,217,31,121,132,21,187,22,262,113,169,156,299,182,190,4,153,45,101,154,68,185,176,40,255,242,28,245,30,58,282,226,112,86,165,264,24,220,144,49,85
295,75,166,274,154,220,159,98,239,29,109,72,207,277,65,189,1,188,231,222,183,267,229,281,219,177,291,236,269,190,257,194,62,111,124,251,283,30,193,186,22,256,198,134,144,201,127,71,20,120,226,80,156,178,168,88,128,213,73,227,46,179,255,296,49,131,208,8,132,175,241,82,9,264,297,234,28,36,76,211,240,238,300,11,253,290,5,12,245,77,79,276,150,83,262,66,228,64,167,279,254,250,4,184,84,31,41,130,217,7,273,104,61,265,34,259,272
123,146,47,162,175,67,43,221,188,6,265,184,109,283,235,9,224,53,169,42,295,156,207,271,5,17,12,246,252,52,97,122,185,222,71,84,168,158,218,24,31,173,178,142,119,118,299,113,277,230,40,172,231,59,180,61,38,285,149,262,284,36,140,189,70,8,88,32,214,13,298,258,23,270,259,112,106,287,217,193,216,73,195,26,77,133,247,62,225,137,44,290,237,21,203,141,238,200,16,211,41,278,86,45,170,108,22,248,55,243,226,105,15,145,191,219,159,269,64,30,264,240,210,202,91,174,28,183
62,20,163,292,95,21,88,258,300,71,192,208,201,187,14,186,124,243,11,93,283,76,4,38,110,60,235,81,42,121,142,268,299,100,259,143,155,94,158,141,193,172,287,119,165,54,27,99,156,18,1,128,63,251,196,2,53,37,34,205,109,43,75,270,69,252,117,206,234,103,262,41,137,51,238,131,288,189,197,199,260,227,91,229,190,130,23,273,16,125,249,3,263,207,84,133,96,222,271,10,132,106,169
82,143,75,151,185,154,188,100,73,288,163,11,243,237,10,217,147,200,206,31,268,106,23,118,57,244,251,128,148,166,198,7,227,238,176,132,142,39,170,267,201,273,150,189,120,71,271,15,230,55,103,178,24,110,52,70
288,49,213,119,209,95,100,32,63,101,72,92,102,176,195,120,173,280,248,275,186,158,128,106,235,268,278,103,178,174,58,82,161,99,40,247,162,109,141,31,22,267,1,154,54,184,20,38,35,263,157,208,61,76,273,155,94,185,69,36,199,62,86,30,9,246,113,150,182,136,16,286,167,81,201,145,83,260,53,226,13,50,47,234,217,90,21,134,220,73,125,169,85,228,283,223,181,298,183,14,45,227,198,177,233,68,175,190,27,88,284,114,48,279,8,204,192,29,3,56,149,160,137,129,126,33,91,142,258,252,188,74,143,282,98,131,163,2,274,205,127,196,294,26,67,37,271,237,19,243,116,41,240,77,222,244,191,210,187,66,122,236,194,42,242,152,17,241,203,79,214,60,124,97,71,6,265,10,171,276,249,206,117,105,292,43,216,251,104,297,44,266,118,23,197,151,168,96,24,148,108,64,202,259,287,299,253,135,65,218,269,111,239,112,59,55,255,295,139,289,110
111,292,154,261,234,200,53,33,155,148,113,52,274,37,119,54,164,43,283,243,221,289,212,210,139,136,278,254,27,256,163,203,195,182,247,51,249,253,239,151,259,161,255,260,134,262,12,298,272,209,68,17,146,121,295,50,16,60,55,89,285,267,282,104,205,229,84,34,275,120,67,222,189,73,279,191,21,95,143,245,276,110,172,74,40,25,78,179,128,101,59,3,2,90,223,175,208,192,226,173,42,46,246,153,169,138,220,11,219,202,140,126,157,257,177,131,190,87,57,63,133,20,38,218,1,207,280,178,252,235,62,4,14,13,193,26,188,165,194,258,116,99,294,91,100,162,198,230,130,241,71,184,97,216,23,251,44,107,19,127,5,64,214,201,174,58,281,48,265,47,93,85,96,115,158,125,123,29,32,82,277,86,98,106,117,217,152,166,232,94,7,8,75,225,141,181,211,15,70,112,122,10,39,22,296,224,263,114,79,237,65,129,147,109,156,149,102,293,183,264,213,24,31,170,167,83,118,299,159,135,240,197,215,6,187,88,69,238,66,271,81,145,248,56,36,290,196,185,199,49,108,273,45,270,9,168,18,72,286,30,228,92,80,176,268,180,297
101,102,98,106,115,269,82,228,243,118,201,39,275,77,50,211,167,17,99,149,79,219,2,75,234,153,297,217,81,74,89,185,184,139,252,210,83,23,214,5,6,268,199,41,174,147,38,203,288,157,117,128,76,105,198,71,259,278,267,257,300,206,80,276,51,61,125,108,230,221,255,176,27,146,150,111,160,208,270,135,227,68,145,286,26,262,242,54,250,171,161,239,30,183,53,281,140,72,237,48,290,104,197,143,280,13,241,12,137,65,119,131,109,236,78,248,295,88,97,253,169,94,170,271,156,233,247,175,22,136,8,200,265,162,284,133,59,1,246,238,163,212,155,299,113,110,69,182,266,224,20,31,249,190,189,44,129,73,90,116,272,42,64,179,218,14,254,19,10,158,130,32,207,273,292,263,141,188,126,289,165,159,142,232,229,62,122,55,91,93,283,29,52,144,291,63,11,56,87,96,261,34,95,7,151,186,127,194,25,37,195,245,103,293,216,16,287,205,46,120,100,45,172,15,196,191,84,166,251,187,274,107,209,49,33,70,285,28,47,124,123,148,220,40,138,173,296,85,192,240,114,67,3,235,225,178,181,121,152,264,258,294,58,43,193,66,222,260,180,231,60,4,24,298,244,57,213,177,204,168,9
143,113,217,129,145,8,251,98,79,24,139,194,171,176,293,292,269,208,157,165,11,51,138,63,169,135,29,128,85,223,249,137,33,210,201,76,191,111,225,240,151,38,283,216,213,142,175,114,215,252,195,115,49,253,185,288,107,95,212,93,84,291,77,263,148,48,211,44,256,267,71,241,140,209,83,272,134,257,296,144,221,290,190,200,60,86,166,268,57,110,187,120,227,222,170,12
228,174,83,156,194,198,132,221,1,36,121,180,193,161,235,175,94,5,252,245,4,188,169,146,262,136,279,254,157,53,127,287,261,92,192,167,43,201,68,295,166,58,173,217,122,191,74,71,283,96,155,211,290,41,224,93,246,202,77,19,178,244,206,104,141,69,299,289,6,98,111,114,210,34,25,55,35,50,40,59,278,38,87,272,251,276,298,250,124,216,270,140,112,164,177,240,268,182,293,203,46,101,45,108,9,256,137,125,147,190,260,171,172,200,15,128,241,242,219,187,226,66,207,39,150,131,282,189,227,281,60,62,29,82,263,107,31,85,275,26,165,239,27,168,151,220,215,264,61,47,176,204,75,56,13,195,265,28,213,144,89,197,183,271,17,145,11,97,90,248,154,80,236,253,160,57,86,285,37,63,12,247,152,103,65,237,105,159,16,113,230,280,238,116,231,142,259,184,243,95,199,24,225,23,117,48,294,223,288,170,153,115,79,149,7,179,232,118,126,21,110,109,249,292,44,222,51,18,88,181,119,138,296,284,186,209,234,133,130,274,84,8,269,286,158,214,291,255,229,102,49,54,76,273,10,120,266,81,32,20,212,67,148,14,52,73,22,297,205,129,163,139,30,134,2,185,91,64,196,100,267,106,70,233,99,257,3,277,162,123,143,258,300,208,78
219,283,252,292,5,137,29,223,34,208,106,71,266,63,78,45,181,287,23,184,126,17,35,128,227,298,180,267,172,124,274,195,244,80,207,145,90,202,189,150,148,85,275,236,122,129,258,43,291,295,300,293,62,24,269,102,83,284,84,134,140,200,92,120,234,296,95,139,61,268,265,65,59,239,194,178,271,112,9,280,224,110,33,31,81,86,58,115,114,68,243,282,248,89,170,285,185,42,199,10,262,37,4,149,220,98,121,69,32,6,193,91,15,168,159,39,250,119,182,225,79,52,257,255,157,146,289,105,88,279,169,74,64,131,123,256,44,160,237,26,19,136,100,152,166,232,113,251,46,247,36,13,241,21,8,264,163,263,55,290,299,47,215,66,171,12,118,273,270,212,201,127,103,93,18,132,231,176,179,125,259,253,76,297,192,104,214,196,286,101,173,11,222,75,156,238,197,226,53,276,30,94,14,25,49,205,138,50,187,228,99,177,204,153,167,107,40,162,235,141,109,111,260,54,165,97,51,218,246,190,217,41,7,277,164,117,211,28,186,155,210,96,261,108,206,229,183,254,130,16,221,20,77,48,151,133,82,147,278,230,233,135,116,240,245,1,56,281,2,249,203,288,87,154,191,70,198,144,175,158,27,38,242,143,142,57,22,216,73,209,188,161,72,60,67,174,213,272,294
95,109,89,103,71,207,120,41,170,265,249,99,70,223,112,46,90,24,163,295,126,208,181,282,34,54,250,144,100,206,43,36,185,12,209,23,97,86,55,242,275,60,153,98,229,179,188,169,122,294,296,140,175,27,244,199,10,35,215,238,219,29,63,285,291,44,135,283,8,288,9,252,235,72,150,134,31,39
143,106,84,280,178,136,127,8,65,211,188,253,166,51,160,139,32,129,281,290,278,60,261,191,90,163,7,35,61,244,196,234,263,62,236,19,33,1,254,200,180,117,72,5,17,37,257,190,217,111,197,81,92,252,264,287,174,169,199,44,41,87,201,16,242,98,220,216,194,260,262,158,233,22,115,12,239,288,151,91,224,272,4,30,10,23,246,112,299,57,118,82,187,209,47,221
77,210,76,6,119,203,30,190,280,198,17,51,58,235,18,179,27,232,221,222,21,297,231,106,247,288,29,260,144,78,228,292,246,255,8,163,9,207,57,148,229,55,285,262,95,263,217,159,224,60,277,120,258,64,275,39,83,141,178,3,273,114,168,225,282,61,215,249,201,128,271,213,238,152,160,165,93,172,151,212,175,47,281,257,122,153,70,107,156,63,261,233,134,242,244,283,87,104,131,223,81,145,241,80,79,266,149,84,101,125,97,127,248,170,41,289,209,23,117,43,291,7,100,111,161,300,37,278,154,269,251,200,167,123,53,15,12,286,182,143,295,11,139,38,240,75,276,137,136,220,272,180,13,218,40,194,293,24,10,169,31,82,103,214,202,86,36,245,16,54,256,195,185,158,146,299,49,181,112,187,52,211,110,113,132,234,135,4,35,243,227,216,116,44,28,69,254,109,294,130,92,66,138,102,279,72,90,189,98,65,226,166,99,118,68,188,267,177,14,199,20,268,274,147,184,33,85,25,270,252,197,126,236,22,298,191,176,94,265,88,237,59,230,219,183,206,150,142,290,32,19,115,264,250,50,239,205,140,171,96,121,105,164,259,48,253,74,108,162,174,133,196,2,26,284,34,287,42
140,24,97,43,262,131,276,103,202,87,106,266,129,64,48,134,121,62,128,163,98,293,126,207,253,154,1,242,261,20,236,169,284,92,32,107,99,146,168,137,295,209,136,288,171,279,3,83,74,133,63,55,179,240,216,105,130,90,170,184,267,78,39,208,200,51,289,42,73,147,18,50,150,132,96,201,175,44,34,234,135,156,215,58,160,227,235,94,25,239,61,141,291,41,45,270,268,198,30,188,11,2,117,116,40,91,229,70,71,100,238,260,138,4,89,56,53,251,28,84,199,27,111,285,190,243,69,21,13,125,59,108,17,23,46,178,271,300,203,159,29,186,228,82,7,95,9,76,281,139,189,244,273,173,80,241,109,248,272,210,75,142,60,292,204,123,93,263,181,247,174,287,222,54,274,66,278,151,36,113,77,213,298
136,213,221,95,212,20,216,290,209,31,54,206,170,125,288,144,188,24,177,178,56,157,286,193,72,115,81,214,83,187,4,295,164,180,210,259,240,258,57,238,103,12,92,149,184,63,220,233,45,26,137,106,241,182,96,119,165,65,227,16,98,28,269,237,244,161,62,11,121
71,36,25,276,284,12,234,214,145,248,209,291,256,204,110,227,141,75,7,101,212,17,106,66,279,3,250,63,102,155,197,255,33,149,68,224,26,198,34,180,96,153,151,265,41,260,226,97,99,87,15,205,292,275,16,73,193,89,237,5,57,100,218,187,140,263,268,257,67,74,259,53,103,28,146,295,136,217,31,1,242,177,232,191,134,168,283,167,190,287,9,143,189,294,203,231,273,129,222,6,84,172,21,64,219,293,213,121,272,131,20,282,178,170,82,233,128,221,269,37,117,156,262,274,298,246,148,135,35,163,23,164,229,30,271,220,296,46,105,196,261,85,76,113,49,123,157,47,32,251,107,83,124,158,165,297,51,65,215,290,186,184,50,169,289,210,114,93,208,132,55,285,176,98,258,202,27,44,19,183,2,211,139,59,60,181,88,228,247,286,52,299,69,118,281,201,81,161,267,18,126,150,243,125,40,171,278,173,111,185,154,94,10,4,138,280,162,144,179,22,24,45,29,79,14,86,206,225,120,266,122,95,39,240,130,43,127,252,58,62,174,90,245,160,42,152,147,216,238
144,167,151,183,57,76,150,107,96,54,94,13,63,120,139,119,88,161,299,286,69,271,259,164,178,2,276,236,274,264,5,140,279,67,211,75,213,232,174,252,219,55,261,214,11,300,258,72,163,89,131,270,254,217,170,169,134,165,74,103,227,34,45,216,124,111,23,64,24,237,47,283,32,182,242,42,128,8,201,251,129,95,256,29,126,288,137,205,143,272,296,230,239,157,101,68,199,121,116,22,295,15,225,173,149,80,243,191,108,192,294,138,73,14,9,113,269,97,238,53,100,71,210,36,266,223,60,198,49,166,263,123,193,153,141,98,152,172,40,18,245,147,81,44,187,290,102,6,221,293,117,249,145,31,255,298,162,118,35,122,195,208,19,127,78,179,222,181,204,185,106,160,58,50,265,114,17,93,125,52,292,90,38,231,291,7,278,37,148,85,176,284,260
265,129,209,179,44,165,199,156,147,13,72,42
278,42,74,223,207,257,4,109,37,91,160,118,259,181,45,283,18,62,71,33,273,248,112,11,289,236,199,203,250
195,111,185,225,189,269,281,297,182,273,207,259,278,287,96,290,147,61,163,172,268,144,180,30,14,66,274,85,90,40,47,29,299,148,93,63,154,125,4,43,194,254,124,44,167,82,21,74,263,77,277,296,232,68,130,160,102,103,1,57,227,213,238,127,45,215,37,280,32,261,262,139,123,161,300,165,64,228,275,245,169,60,252,170,113,89,52,151,158,242,284,260,272,235,31,214,197,177,152,75,83,233,159,237,211,286,156,78,178,186,106,86,216,70,226,204,210,109,18,20,220,55,34,248,187,51,236,199,76,173,120,218,136,240,205,53,110,140,212,198,217,10,257,253,267,36,91,115,41,39,276,12,73,92,133,22,59,150,271,266,112,108,285,95,107,292,65,38,229,243,58,155,294,138,117,128,247,289,291,3,282,223,219,279,26,256,184,222,255,143,246,2,234,188,16,231,50,193,293,135,54,142,101,104,265,25,81,208,168,49,153,122,181,62,105,283,56,24,33,239,200,28,134,99,42,202,250,196,97,69,175,79,27,295,11,141,126,71,171,8,72,174,88,221,209,7,121,48,230,119,157,206,176,251,131,19,190,201,94,35,15,241,5,114,46,244,264,132,249,9,164,13,288,100,166,203,17,270
161,91,83,49,126,112,67,74,258,109,225,202,171,55,84,293,92,278,38,47,20,244,128,246,16,284,17,193,291,192,251,198,43,118,133,238,64,40,10,151,89,113,220,245,5,205,219,289,241,58,28,29,183,281,296,160,191,31,155,285,122,267,117,82,295,208,41,61,86,78,2,276,4,184,46,235,94,104,298,14,150,256,168,222,25,236,142,57,85,173,87,290,80,103,54,272,282,214,116,140,63,35,250,72,8,169,194,232,79,123,24,135,19,98,188,69,164,292,216,154,12,273,215,266,68,231,226,163,146,95,70,102,143,99,39,33,165,299,243,53,147,190,159,287,283,252,217,288,206,274,240,27,209,114,93,138,149,37,51,204,13,263,264,228,280,248,189,172,56,237,111,180,181,90,175,66,221,156,177,71,134,44,197,119,166,15,224,36,26,261,249,275,158,132,48,11,265,210,127,52,130,212,34
