245,217,77,4,189,62,18,293,117,110,228,258,187,50,176,96,71,161,90,216,135,136,257,115,288,271,3,272,283,256,156,220,296,27,231,107,34,298,148,52,28,24,39,36,203,255
6,297,235,289,268,67,244,248,295,94,200,49,245,293,185,135,86,155,1,98,55,134,8,253,298,75,99,16,257,284,290,89,220,208,83,215,4,159,264,101,175,44,118,206,196,216,241,3,120
157,284,109,287,278,117,88,3,193,82,30,291,140,43,39,237,36,258,77,178,281,253,216,251,134,60,80,93,33,125,35,273,48,254,86,171,166,184,101,9,148,168,233,102,122,286,52,44,208,228,110,185,144,19,297,191,107,21,243,146
37,231,26,6,159,136,270,236,123,44,188,86,285,133,124,96,218,144,284,171,245,299,232,224,154,47,148,60,200,248,197,282,62,57,240,221,277,152,128,19,191,201,38,111,244,116,194,52,230,291,108,5,115,69,266,71,98,120
275,250,298,155,93,281,143,140,286,86,28,92,265,20,56,262,10,227,27,142,127,191,121,177,233,209,18,237,154,230,128,65,123,111,14,175,199,58,299,122,100,2,19,21,254,229,231,257,151,170,202,187,71,255,228,79,266,82,78,176,104,130,206,113,282,32,162,8,30,253,297,294,161,200,291
244,220,81,95,295,111,215,190,132,119,6,110,251,106,287,252,76,257,227,43,234,5,38,46,98,262,83,114,241,117,32,120,158,79,142,51,224,36,62,161,154,206,212,233,221,54,15,178,273,56,173,124,157,26,208,63,205,258
234,210,160,261,32,275,140,81,68,297,14,111,198,259,172,15,2,123
108,130,207,123,168,283,196,287,187,268,181,145,236,149,17,58,255,300,234,276,100,291,237,193,7
257,1,219,113,80,178,299,208,109,27,50,35,8,189,90,227,271,22,10,106,246,16,146,92,278,170,192,2,86,71,130,116,87,276,4,289,277,33,19,203,236,239,159,142,36
296,149,59,166,50,137,14,299,186,52,2,232,83,24,167,178,107,201,30,253,62
