188,45,117,254,277,73,136,77,253,216,285,166,129,236,79,300,239,168,14,106,299,123,69,218,17,295
92,73,170,180,96,97,151,99,26,234,244,290,121,23,59,44,27,131,176,21,295,84
179,35,19,280,288,38,135,281,238,165,102,63,119,146,29,254,24
241,98,299,171,211,119,287,108,269,155,216,247,213,51,179,203,113,193,140,114,268,104,207
41,237,120,17,185,23,180,109,142,5,65,114,201,276,49,286,86,131,190
38,263,87,145,221,126,119,292,159,5,2,22,55,161,102,3,234,104,40,254,120,156,253,23,189,62
295,110,35,293,148,160,290,234
168,103,192,285,237,32,171,175,155,294,47,70,83
61,234,256,164,147,116,196,298,84,64,112,22,60,190,207,99,293,40,169,70
15,184,267,207,265,297,91,182,187,93,41,73,133,209,113,164,199,102,26,129,8,110,76
146,189,18,77,54,103,290,180,5,283,173,98,196,140,201,21,129,63,3,93,277,89,278,56,267,67
194,49,120,99,211,22,129,29,249,5,149,234,118,17,260,121,25,82
210,250,104,81,146,236,77,151,159,131,179,90,257,111,126
206,235,236,292,195,93,219
67,32,102,49,265
2,149,70,46,163,236,19,173,22,205,249,93,279,14,92,159,81,169,41,86,273,295,40,246,222
257,176,101,276,19,270,267,132,242,280,283,216,161,284
187,114,195,97,53,154,176,284,264,6,116,61,12,91,173,123,26,286,72,49,247,96,15,293,117,257
126,8,230,299,231,274,20,266,184,216,199,53,168,200,116,63
271,281,107,185,60,85,55,280,59,43,255,42,286
