199,66,9,132,264,203,46,163,24,220,185,198,288,191,202,143,262,239,136,110,58
196,285,139,193,6,179,297,246,59
77,38,180,123,127,99,70,190,286,210,23,10,189,33,21,19,188,152,155,124,282,212,48,230,292,177,232,144,92,194,251,18,131,252,26,97,46,202,298,63,75,105,126,182,185
252,300,21,78,243,291,152,160
217,225,124,150,299,56,74,137,204,285,169,258,287,53,173,68,70,11,16,194,176,59,27,143,105,155,201,148,24,153,272,170,140,274,229,251,168,31
170,162,207,208,4,263,8,196,281,116,185,177,245,240,290,1,115,56,24,210,261,184,254,20,79,6,294,257,229,125
18,174,29,195,216,68,176,63,20,42,281,75,234,237,220,160,232,93,273,78,182,73,41,213,158,275,54,19,114,97,100,170,153,299,197,149,105,89,44,140,145,200,15,270,48,119,126,2,191,34,243,9,64,217,135
130,257,111,155,218,34,94,89,255,2,219,64,143,176,194,48,55,227,259,215
242,91,87,276,177,46,221,201,287
23,160
172,132,135,164,225,128,217,220,136,59,210,161,93,72,193,62,87,137,200,153,146,43,294,55,9,49,218,198,67,160,260,256,145,32,41,66,54,70,271,216,167,42,248,78,23,185,270,151
289,266,296,142,83,114,188,93,184,3,246,105,252,172,143,28,64,126,204,94,189,66,241,22,82,17,236,99,134,12,212
292,237,2,106,191,149
69,193,75,178,237,37,151,216,222,143,213,35,88,89,268,230,116,239,185,130,189,26,219,58,287,29,20,120,136,33,180,77,100,39,224,297,117,106,76,241,259,57,258,7,175,255,54,79,62,14,51,138,288,182,61,135
7,81,45,89,171,1
148,288,278,4,177,55,189,159,7,145,17,298,240,173
291,20,222,201,282,199
97,217,47,55,163,73,71,52,249,6,49,51,148,65,38,242,120,155,119,180,210,36,70,290,43,194,294,206,190,126,152,5,296,255,103,261,277,247,61,260
54,238,98,221,91,204,279,233,75,254,243,119,76,143,179,47,50,48
145,57,87,1,94,251,253,298,84,60,300,284,30,263,110,31,159,209,286,293
126,8,166,174,262,149,296,234,32,71,88,115,116,47,155,94,297,79,134,243,161,162,164,217,212,123,240,105,144,292,188,106,228,196,192,30,210,110,80,208,104,229,245
7,292,49,188,20,237,151,288,145,36,25,194,58,202,245,290,107,166,78,104,174,177,136,70,110,244,34,132,232,167,111,269,128,258,247,160,112,103,40,217,18,235,257,9,12,218,154,120,262
298,247,209,133,173,126,185,197,71,190,204,66,34,21,273,145,221
153,224,249,290,105,126,145,230,53,229,6,190,75,26,193,69,280,67,65,30,213,216,83,29,254
19,228,79,2,154,80,283,112,179,181,159,110,188,24,128,264,87,22,169,282,54,252,25,236,230,70,118,35,41,75,218,28,213,238,86,108,64,122,212
113,43,191,104,46,283,22,30,131,101,120,172,240,197,73,171,292,135,17,48,289,67,231,82,202,83,288,98,89,216,2,62,152,31,38,18,80,60,110,285,165,123,109,141
163,69,236,104,281,295,271,101,56,255,143,182,205,282,185,14,287,146,89,106,149,127,83,224,46,183,9,228,216,38,238,64,211,251,32,130,1,268
114,192,22,245,106
96,209,124,77,113,264,30,245,48,213,82,193,141,231,14,265,293,31,10,53,208,289,112,90,107,118,166,220,152,155,78,216,9,167,150,116,253,132,50,95,268,148,256,81
229,162,187,47,219,217,140,56,4,120,291,133,119,284,43,204,125,126,147,93,259,18,168,37,11,295,25,44,116,64,160,34,293,177,197,5,86,67,230,117,166,264,2,183
147,253,10,99,122,141,18,146,152,123,86,298,226,38,262,75,42,287,85,121,241,76,275,116,210,45,228,174,278,261,84,105,156,259,250,120,54,243,23,223,31,285,82,135,64,192,268,171,47,177,265,157
54,246,243,5,228,156,204,187,237,198,78,62,157,90,230,26,182,152,143,92,205,238,197,3,163,24,149,22,141,293,53
144,86,244,298,81,234,271,180,9,51,90,218,101,123
249,232,228,230,236,286,121,157,150,10,257,292,212,269,117,195,105,296,280,265,281,128,167,74,22,241,34,1,254,61,283,119,50,92,217,270,113,93,277
278,165,144,256,175,143,268,272,200,273,63,3,214,78,69,170,24,174,277,300,106,107,239,189,53,287,102,21
43,293,70,235,297,155,153,26,169,3,19,6,81,268,17,89,60,85,13,286,300,292,56,124,132,88,128,41,2,274,255,98,117,107,201,258,24,275,104,184,195,150
35,190,24,132,268,176,202,218,205,81,194,238,69,181,229,279,71,220,44,217,23,152,203,221,147
58,199,88,142,61,133,267,176,263,237,145,67,220,227,164,282,132,200,121,43,171,147,272,65,63,239,144,250,22,203,24,210,94,80,162,28,289,107,85,295,234,38,105,120,143,214,195,191,102,66,245,244,257,7,152,243
150,291,120,112,129,24,219,267,40,217,194,75,296,69,155,280,295,139,197,178,50,254,48,270,115,20,161,205,234,247,111,117,103,285,276,91,199,121,54,138,98
175,59,110,107,169,279,269,90,144,71,35,72,68,3,271,171,64,242,153,19,50,272,9,11,24,43,117,78,134,215,217,51,145,199,277,21,195,32,164,80,190,260,140,17,67,108,53,138,263,154,160,201
217,158,93,199,290,285,129,106,135,223,107,102,4,228,78,63,86,295,220,196,252,271,138,77,12,134,50,85,39,222,203,229,169,173,200,171,164,33,264,258,230,232,201,155,28,161,104,207,55,144,212,227,214,53,10
4,50,197,281,232,158,54,65,7,40,223,76,235,23,29,138,104,88,185,25,103,269,131,118,287,67,125,102,8,254,225,143,60,183,19,41,168
236,140,280,25,114,47,290,228,161,78,63,21,4,192,156,74,79,40,171,245,292,110,38,57,85,44,133,96,70,291,262,107,49,233,148,54,130,95,88,147,123,232
198,172,69,127,43,154,203,75,144,27,291,218,89,157,118,179,26,102,39,236,189,181,186,176,237,76,150,38,7,227,205,155,270,98,24,135,72,105,286,148,82,235,54,99,244,21,86,97,11,138
299,23,231,158,32,214,1,265,219,90,284,14,248,236,225,130,12,277,296,285,67,86,268,51,251,194,177,22,178
160,109,144,276,37,181,58,258,285,151,176,136,173,137,234,27,48,254,18,175,155,9,69,205,111,223,279,219,251,200,287,25,161,49,131,235,50,238,43,62,243,129,201,229,126,184,211,72,216,169,217,209,242,263,207
280,106,138,102,40,147,4,104,44,170
84,22,124,112,141,230,287,71,177,160,165,209,162,194,115,1,167,97,100,23,86,125,270,57,269,62,17,119,21,38,176,212,3
279,174,220,156,12,230,100,121,78,51,226,28,49,198,91,40,130,295,291,3,266,79,117,90,180,132,164,48,296,294,292,268,236,235,278,171,82,237,10,258,263,178,166,145,216,144,53
106,266
34,211,18,196,250,133,98,110,163,240,186,221,17,177,264,141,299,109,52,274,217,96,146,41,183,45
7,23,37,89,191,46,227,208,277,173,114,295,97,95,19,177,197,162,149,292,158,18,285,248,233,70,181,80,175,21,60,190,49,168,134,48,59,300,6,27,192,91,240,20,260,266,161,189,152
122,216,248,32,194,87,58,52,294,76,165,259,181,106,236,138,23,286,125,54,195,57,185,208,136,191,64,209,152,238,67,211,285,77,140,263,252
106,221,238,285,230,75,90,6,237,244,108,145,141,107,178,111,264,64,56,142,50
8,192
102,20,50,92,58,156,53,111,174,271,107,182,65,239,298,190,206,116,115,277,241,226,48,168,158,157,253,171,197,71
169,205,2,78,228,135,262,273
154,129,82,195,148,90,11,119,123,204,105,77,118,292,135,122,278,163,291,45,286,259,200
98,258,99,79,125,113,211,136,293,132,190,161,129,28,77,65,280,147,48,19,251,50,153,144,195,51,206,201,8,205,184,197,39,250,122,175,235,171,24,255,128,281,102,103,142
23,243,238,96,20,154,281,32,182,57,174,145,60,79,213,161,152,102,180,105,38,34,215,123,30,168,256
298,113,248,224,213,126,209,40,84,69,142,39,185,279,169,148,257,101,173,237,143,56,5,281,1,60,41,114,186,67,145,49,87,233,133,194,31,43,166
126,24,123,205,87,17,260,62,228,179,161,250,189,122,82
281,107,59,164,48,173,202,8,97,258,239,211
197,199,28,286,59,204,169,202,153,10,161,273,15,124,82,229,218,157,93,105,195,236,76,25,83,297,152,37,34,114,65,4,50,180,173,62,223,211,12,244,284
70,217,134,48,68,35,16,140,76
218,22,79,198,294,28,192,180,243,240,81,158,213,216,19,209,162,21,40,159,298,215,41,242,207,296,123,121,84,169,234,245,53,281,263,97,74,262,119,118,126,50,241,4,33,264
257,50,192,183,152,189,86,240,40,136,147,58,229,13,291,122,179,207,69,210,105,261,178,297,27,16,116,222,55,128,19,14,234,174,228,255,51,176,144,294,71
262,230,232,194,156,17,229,158,296,83,23,240,85,217,21,186,46,5,159,278,97,90,53,8,196,119,32,31,105,297,28,213,263,36,82,162,38,168
127,119,101,128,47,56,13,217,154,160,269,8,214,82,124,216,34,206,58,55,157,188,148
113,37,187,133,209,125,10
181,190,99,286,144,261,143,213,103,81,82,296,91,150,132,188,11,294,42,4,17,154,211,277,1,214,3,92,212,72,89,53,264,37,254,265,239,77,63,221,295,114,293,298,9,105,168,51,33,61,283,149,162,290,280
230,85,141,157,238,129,100,40,165,235,207,194,118,134,248,96,236,33,154,99,13,45,181,272,15,98,86,36,252,106,249,89,80
258,74,205,80,284,165,68,222,44,166,1,60,101,273,56,178,128,142,192,225,281,299,208,194,19,179,265,116,91,237,169,176,105,221,238,88,37,236,268,5,143,10,228
168,119,189,200,153,104,293,29,187,143,140,234,250,127,174,232,253,170,125,181,113,42,259,7,93,208,57,48,223,136,178,186,90,92,101,210,70,206,226,267,68,291,52,157,169,196,43,163
143,298,232,34,297,260,284,145,89,109,24
28,203,106,67,19,201,149,255,129,27,104,259,262,192,299,80,47,24,226,103,202,247,240,295,122,135,173,116,266,6,170,224,197,236,214,64,34,222,291,51
104,89,271,237,262
234,236,123,168,105,198,215,22,246,18,204,240,114,141,44,241,122,51,130,185,87,23,266,154,76
96,117,277,93,145,258,113,134
247,116,81,89,198,6,283,230
268,233,232
292,218,73,36,146,244,106,115,76
270,215,209,187,165,16,177,195,89,21,260,192,157,93,168,135,26,175,166,245,114,28,145,238,4,291,256,31,247,227,289,47,138,178,71
245,226,134,19,250,17,71,16,284,214,211,64,258,278,10,46,227,150,253
198,199,142,72,295,5,89,204,131,185,280,247,19
256,185,280,122,223,187,96,157,158,146
148,249,275,46,143,5
165,58,33,68,66,168,34,147,104,27,211,228,226,78,293,277,152,113,166,54,285,197,235,188,178,143,84,229,244,114,53,300,136,20,122,241,163,181,87,234,138,238,266,26,180,9,283
92,161,274,131,193,154,10,132,34,156,16,51,112,222,128,138,205,226,125,21,168,80,152,30,282,107,164,142,255,61,237,71,20,235,79,13,78,22,76,187,75,40,126,285,90,117
19,43,222
154,68,84,22,54,231,155,13,139,284,130,120,38,181,279
59,191,114,136,207,250,258,147,165,74,9,95,91,151,242,261,217,257,85,78,116,215,35,38,61,280,36,142,220,46,73,195,193,86,112,93,238,264,99,100,149,290,249,108,77,139,163,186,88,111,166,159,219,266
296,198,254,280,51,172,20
90,154,191,231,31,174,120,65,230,158,123,49,142,297,11,125,210,7,190,32,228,59,269,89,212,223,44,165,254,206,91
294,104,289,106,6,253,126,168,156,124,129,79,260,171,179,87,49,190,42,23,288
44,47,90,45,211,196
171,117,241,37,169,179,232,263,28,212,63,282,292,32,275,184,12,118,51,298,253,220,93,252,200,82
125,150,202,164,114,278,194,220,242,55,217,56,159,5,135,256,157,213,145,62,172,140,16,282,20,97,15,173,108,257
91,203,207,31,258,115,221,16,175,104,220,188,25,117,167,174,279,28,60
287,218,37,82,204,156,45,154,280,52,124,88,207,26,150,234,81,253,258,61,102,55,14,87,152,191,172,173,205,51,249,104,167,214,96,24,180,105,92,138,238,223,108,290,63,25,247,110,276
238,198,41,193,137,108,140,46,5,135,22,256,158,252,180,60,208,241,34,110,276,148,119,59,42,227,250,220,29,3,154,266,288,214,299,236,166,43,153,281,172,213
162,84,33,15,2,47,75,286,24,283,65,72,90,177,115,109,265,13,28,205,207,195,238,110,281,37,36,88,178,282,48,10,4,89
237,140,185,200,241,203,216,178
195,164,48,74,136,260,258,128,150,98,125,237,188,93,73,236,135,290,213,275,284,159,119,174,271,94,295,200,64,75,14,171,216,240,80,208,69,283,191,280,243,127,86,241,53,254,113,155,34,21,120,83,140,248,126
242,143,217,38,96,7,188,141,85,99,125,131,243,152,294,17,182,82,103,183,68,13,5,83,276,80,10,240,247,149,3,250,163,124,161,226,50,192,257,55,52,112,213,167,39,253,171
290,129
185,83,15
244,38,33,236,26
259,102,116,139,71,16,27,243,219,234,249,103,87,85,256,134,70,42,122,276,75,201,158,28,118,154,236,270
107,285,84,228,230,192,163,83,79,51,183,200,17,70,143,28,32,247,123,264,136
205,76,33,50,28,182,92,70,171,179,42,169,40,5,201,91,89,161,120,244,124,2,130,56,225,187,133,43,189,260,85,200,172,177,296,255,64,216,67,284,294,122,258,214,186,290,162,213,20
94,28,63,204,255,198,157,65,163,212,138,298
36,165,124,260,252,190,262,114,266,291,144,181,294,31,245,28,44,8,237,246,78,277,57,151,210,139,22,206,56,282,199,80,128,264,159,130,257,290,261
101,32,288,275,283,256,103,7,28,112,261,45,132,262,220,163,55,50,226,89,182,73,297,68,24,169,181,87,21,115,170,2,154,281,151,14,186,233,231,129,189,148,265,8,145,292,278,208,236,52,173,294,219
198,88,5,108,51,48,270,99,157,15,63,279,252,30,47,146,226,208,123,114,179,121,174,46,185,45,62,176,277,92,297,94,9,107,28,68,80,70,187,160,214,17,254,266,127,247,16,162,197,234,144,237,76
70,262,230,105,173,131,245,31,176,47,224,274,299,234,242,66,23,115,254,212,93,203,252,44,71,235,99,112,156,26,40,285,251,163,257,205,148,121,227,86,292,277,287,180,246,266,273,74,221,43,283,172,241,197
84,138,103,107,156,116,62,270,149,39,222,69,196
3,66,52,78,163,265,202,207,293,223,73,103,15,41,82,292,240,137,191,272,118,280,90,228,39,214,197,244,58,133,258,213,241,245,88,230,112,297,237,255
89,178,54,132,148,102,64,221,143,21,3,183,133,119,70,219,82,199,229,50,289,288,16,235,152,202,80,120,100,295,9,18,115,153,191,277,68,22,2,141,257,56,110,24,20,33,48,194,179,11,138,144,274,105,23,72
121,15,29,132,52,147,90,149,152,222,273,103,163,210,94,39,293,245,80,230,31,247,122
52,270,163,208,284,60,36,281,159,182,291
259,200,132,6,205,133,201,29,135,136,60,68,285,184,28,77,155,243,211,36,106,238,225,115,158,2,244,165,22,20,64
188,98,12,190,86,151,144,263,67,212,19,206,77,127,277,60,165,150,229,270,174,164,119,199,122,53,178,293,158,50,27,121,30,22,152,10,202,226,276,225,194
117,192,121,69,294,106,93,229,131,199,109,218,63,137,142,171,283,110,163,30,134,84
42,257,209,102,186,247,151,1,152,281,181,71,229,251,61,53,21,173,34,162,299,300,224,28,119,9,37
167,111,268,281,4,82,255,252,70,263,267,276,132,284,30,274,143,71,86,279,43,50,251,174,63,166,183,257,215,224,65,135,201,15,246,153,247,155,94,161,164,243,178
58,153,29,228,93,277,106,17,279,174,155,193,78,156,281,280,35,22
120,179,286,254,7,298,196,98,214,52,263,42,75,267,118,161,40,138,147,145,63,10,128,222,67,125,186,171,150,136,13,95,14,71,146,39,70,78,106,287,46,204
205,13,209,89,198,65
159,176,133,13,101,220,102,178,186,272,173,130,227,18,277,223,40,137,297,189,188,248,299,253,161,146,295,232,243,167
145,13,143,190,182,119,152,60,218,15,29,282,123,102,238,284,140,287,36,225,22,142,30,278,158,201,191,160,34,45,133,31,274,32,222,89,21,292,279,298,61,204,114,221
116,253,192,142,59,290,104,120,165,56,279,93,143
145,236,264,6,277,156,77,259,217,176,101,61,284,54,219,141,183,5,237,100,1,97,82,117,11,196,164,49,282,37,140,279,110,80,76,119,2,192,207,162,139,220,234,232,299,144,293,216,41
235,178,104,276,127,30,183,241,160,154,123,196,247
18,26,165,62
203,140,289,266
61,255,83,124,279,257,181,92,144,58,283,103,77,74,211,247,265,129,147,107,276,274,136,11,163,227,239,201,284,18
127,239,89,114,223,61,60,196,165,248,189,107,15,187,178,121,207,134,227,102,157,57,182,38,173,225,175,41,103,206,8,229,195,282,188,228,100,162,4,99,208,220,39,91,120,65,250,156,66,288,130,226,71,184,135
128,277,37,69,44
93,51,6,296,213,251,40,119,125,46,78,79,84,220,14,145,208,117,42,299,113,105,87,261,112,63,221,66,131,43,144,59,229,173,41
135,217,158,287,33,55,275,260,232,288,172,281,284,126,92,169,262,263,127,32,43,73,297,163,240,157,40
79,38,24,203,30,83,124,254,4,283,122,107,8,118,119,266,145,40,68,299,127,215,154,93,269,67,143
288,152,250,54,129,189,182,131,195,50,144,111,133,51,227,118,153,163,170,107,255,229,48,105,266,43,289,143,98,291,40,210,219,30,157,272,18,136,168,267,161,130,252,82,298,235,260,49,199
296,70,39,64,231,215,46,107,219,80,143,60,26,226,15,189,82,286,87,156,134,18,108,196,88,99,72,101,89,41,31,262,233,264,100,138,266,85,275,7,38,132,208,188,84,150,244,141,71,272,37,1
116,74,47,155,251,188,71,250,252,55,247,163,175,240,79,207,180,134,67,236,41,201,246,38,48,219,24,185,237,43,32,25,100,113,91,31,195,173,72,18,280,179
23,283,223,133,265,98,148,234,24,108,137,11,175,208,125,34,221,40,139,146,195,182,20,220,51,138,222,109,59,266,197,151,37,248,257,231,56
34,292,56,45,116,11,193,127,152,236,160,235,126,293,254,171,285,51,234,212,36,67,210,151,133,70,172,74,203,294,99,198,179,215,20,187,180,299,185,240,108,296,13,146,53,72,112,97,121,277,18,29,166
182,54,74,263,153,138,67,147,146,105,140,211,93,300
152,209,80,111,284,260,67,296,124,199,104,1,100,94,29,61,161,12
60,170,148,280,220,35,115,180,228,275,174,118,145,143,23,182,202,252,293,274,194,77,291,231,264,74,162,288,21,267,4,137,144,27,98,166,227,18
33,184,231,159,57,151,222,163,59,24,15,205,118,212,288,30,104,204,299,239,165,228,215,180,115,167,289,96,31,81,138,186,17,5,286,169,176,47,232,42,280,91,7,248,101,262,34,153,218,3,8,79,74
143,97,147,245,234,108,162,299,18,233,267,65,26,205
190,97,8,135,156,202,154,162,56,28,35,143,247,241,125,79,171,23,290,117,33,31,52,25,148,108,240,118,37,120,262,266,260,106,55,274,94,46,2,149,213,263,19,93,222,157,116,231,88,234,161,218,76
290,28,217,184,173,119,110,252,174,194,262,200,171,219,70,258,257,114,240
206,155,137,13,174
25,134,144,99,158,41,95,210,216,286,145
18,178,50,162,264,224,188,233,184,260,270,217,128,154,238,47,78,124,59,153,5,223,300,3,198,117,146,291
79,110,111,216,13,139,144,9,222,262,12,249,112,165,270,178,123,211,218,10,70,51,168,38,65
250,103,64,283,77
249,79,147,139,108,283,274,123,5,183,168,140,248,130,134,238,230
123,184,229,86,39,85,178,93,72,180,185,60,63,208,251,141,263,147,134,87,29,126,257
176,121,295,175,200,264,259,297,217,72,34,165,213,106,284,204,257,108,68,132,285,221,107,227,51,137,291,158,88,207,195,236,196,147,211,117,90,6,15,79,218,153,133,83,119,265,181
123,153,296,95,277,42,13,72,242,183,174,185,205,252,220,260,39,208,188
182,35,183,290,21,222,175,274,219,163,70,152,281,53,142,138,63,268,44,61,8,261,237
6,47,17,291,25,299,184,41,49,296,113,197,147,133,28,4,221,59,93,156,262,65,5,52,92,252,277,249,106,278,207,238,154,294,139,94,90,196,116,136,148,204,264,101,280,170,84,40,63,108,87
181,34,191,115,7,212,205,267,144,167,283,171,89,228,233,19,45,242,194,237,262,149,64,218,100,56,36,97,111,123,79,248,147
175,250,121,181,155,150,157,220,299,172,198,105,119,223,58,159,283,50,16,142,3,264,253,109,19,20,154,5,138,61,255,190,97,295,254,44,186,136,162,210,193,41,279,300,93,68,170,222,166
127,214,65,229,167,64,236,187,13,117,174,47,216,265,10,289,145,86,129,15,179,18,48,134,296,60,58,228,5,115,177
58,243,67,300
144,251,295,218,282,9,128,162,23,72,136,28,247,46
196,240,234,138,116,223,266,57,19,130,38,207,218,71,210,281,62,289,49,94,146,192
214,138,1,247,268,103,278,128,196,109,254,54,279,101,299,17,220,45,91,297,118,68,206,147,157,169,6,119,26,189,244,20,208,146,63
77,56,252,149,254,132,30,168,237,85,123,65,299,61
153,265,108,199,229,47,232,112,196,255,113,241,136,139,81,211,203,68,134,76,114,80,96,1,74,175,51,244,226,160,120,128,300,234,30,8,147,278,151,222,83,287
231,214,27,43,63,53,46,269,177,9,141,101,79,294,237,230,218,37,232,158,285,151,160,155,210,167,92,147,117,13,82,287,114,240,44,150,94,241,102,19,110,265,70,208,115,112,242,126,121,217
202,6,165,187,270,265,5,138,41,70,42
130,228,172,220,15,266,94,224,115,43,264,295,231,60,91,155,117,277,125,96,212,237,285,300,138,12,204,109,61,232,142,80,202,122,33,278,84,217,74,222,134,132,119
160,76,297,227,218,289,221,240,8,179,141,264,255,84,174,232,298,116,292,151
104,262,20,68,281,80,98,54,218,124,83,46,183,271,287,282,32,34,231,97,145,255,250,261,265,266,240,2,300,163,100,146,215,152,147,159,76,127,187,106,33,94,30,117,234,16,246,180,65
132,31,239,199,83,35,67,279,65,134,72,53,179,218,13,126,174,196,210,209,24,286,91,90,294,180,229,254,289,87,144,221,148,25,27,116,139,231
4,16,220,94,36,81,245,136,265,144,233,124,116,242,214,199,152,138,190,213,23,24,12,274,222,70,243,262,1,131,217
204,105,207,153,23,229,213,247,264,162,108,275,168,212,293,152,97,171,261
55,215,239,287,109
90,250,100,65,54,122,153,215,61,248,118,172,236,220,217,25,292,216,147,167,26,62,251,161,149,99,59,28,27,133,159,268,283,237,244,297,280,64,271,93,282,264,123,6,70,199
80,146,42,214,223,130,220,170,248,210,112,137,31,128,132,171,177,30,296,267,211,231,262,106,169,229
229,255,237,133,211,115,51,235,262,22,244,227,279,54,169,29,9,202,17,263,19,140,4,146,64,265,181,164,109,114,18,168,53,150,178,201,199,124,187,273,98,172,195
89,253,93,123,194,14,173,278,274,19,181,241,44,107,215,297,195,126,207,190,162,109,120,3,286
174,295,268,132,296,89,191,280,220,61,181,94,219,103,222,161
62,101,177
130,284,21,19,269,251,289,211,171,116,144,120,225,212,85,71,287,146,74,164,162,36,76,181,136,89,190,188,10,45,26,239,119,264,99,200,5,224,221,101,23,227,54,111,247,80
265,178
115,196,300,144,82,233,120,113,166,14,52,63,111,245,257,299,274,7,217,187,134,272,109,140,159,235,157,179,10,64,85,267,253,124,105
142,185,19,73,117,33,29,121,163,113,62,205,217,53,161,65,272,237,13,80,2,251,144,290,87,118,188,210,12,94,130,104,180,15,211,150,248,282,261,35,76,284,178,252,1,14,293,23,283,213,66,90,263
154,40,165,195,242,153,14,223,248,131,228,95,267,201,203,207,202,159,240,189,2,73,172,190,68,79,163,129,214,158,31,105,117,257,70,205,216,258,291,38,180,171,178,45,285,149,263,41,206,118
89,90,51,220,286,119,165,37,145,18,120,24,243,269,212,242,67,96,93,81,20,295,156,29,271,227,175,40,116,13,228,75,221,233,158,48
6,13,257,11,25,226,48,38,136,159,156,206,124,90,259,152,162,265,85,218,52,290,180,208,119,49,57,88,178,128,245,14,169,132,43,293,279,39,153,21,28,183,241,31,1,230,197,184,67,115
118,33,44,223,161,274,135,172,176,281,79,221,212,210,257,121,10,46,199,211,215,208,132,151,88,145,300,158,216,200,115,291,182,250,258,19,110,292,214,192,266,64,226
105,285,157,77,234,12,45,15,176,276,35,227,97,64,140,196,185,120,186,235,113,155,272,153,218,110,27,94,115,268,75,162,248,292,254,9,215,154,48,116,297,147,261,43,271,286,38,267,109,288,198,99,102,84,54,10
283,270,151,176,174,16,117,175,199,258,76,64,167,63,78,11,82,214,84,262,295,257,129,289,47,130,145,250,195,251,123,23,72,226,182,147,162,243,242,131,240,276,219,233,9,45,101,230,144
146,74,196,219,111,90,106,288,69,184,189,265,233,300,52,299,132,3,230,239,154,1,252,100,216,276,236,102,193,147,109,181,280,272,97,46,33,210,59,291,220,195,45,63,28,54,39,68,30,208,76,60,200,157
