51,142,263,174,50,193,286,64,223,93,102,125,163,13,178,41,38,222,135,218,200,124,105,36,130,225,261,52,149,278,257,94,185,56,214,80,17,45,182,158,169,213,265,143,14,90,155,8,235,206,196,256,194,83,42,68,253,118,101,260,183,139,289,99,186,31,246,270,84,98,244,275,53,282,30,177,112,72,195,238,131,25,159,252,167,54,119,141,81,191,293,29,271,95,201,187,116,3,76,26,296,176,138,297,62,226,154,283,123,160,280,122,78,247,232,274,215,43,249,290,129,61,71,151,1,268,88,75,86,63,168,181,104,259,58,91
58,172,109,198,86,237,28,233,108,224,9,111,100,189,170,215,253,247,298,211,120,85,33,271,266,184,26,261,158,118,190,145,208,166,186,31,119,270
1,62,297,244,285,211,114,104,138,66,253,9,96,99,16,124,83,171,109,45,6,70,228,8,268,48,128,182,235,282,178,278,203,258,94,271,39,287,174,63,57,238,5,259,89,103,275,78,68,82,242,15,87,220,41,44,123,144,261,148,298,162,115,227,167,147,97,18,113,243,61,126,247,286,58,249,122,32,106,225,73,199,213,91,100,30,59,134,42,121,95,276,76,205,116,7,266,216,36,163,27,180,35,245,267,79,133,254,10,51,92,55,229,232,129,20,251,4,141
106,296,253,108,238,109,190,84,111,122,50,12,105,75,232,172,207,272,273,271,7,288,234,33,265,285,255,198,147,135,219,275,286,243,100,203,199,295,210,138,120,283,21,53,248,14,6,196,30,62,158,298,27,24,260,118,36,70,92,146,245,249,97,101,65,218,230,211,226,197,269,278,10,48,289,102,195,90,215,205,201,165,8,18,41,113,114,228,39,11,60,223,259,166,192,222,74,133,290,214,200,129,250,282,193,242,236,140,145,229,257,2,164,61,15,251,104,94,294,76,267,95,56,168,258,54,116,246,212,143,204,277,128,4,132,239,126,276,208,85,220,82,216,31,49,141,119,137,80,68,247,154,170,121,79,59,177,179,142,171,293
12,109,183,132,165,118,158,246,73,201,86,67,272,214,283,76,85,278,47,186,294,282,21,70,45,184,138,115,207,69,7,242,281,142,126,29,245,269,205,71,172,143,41,108,100,182,119,59,243,103,78,102,155,43,239,164,6,111,257,116,189,128,114,263,188,227,167,113,229,2,140,141,146,124,221,101,252,261,168,215,133,8,160,61,251,179,60,88,166,36,266,248,117,187,237,196,157,18,298,148,162,68,233,123,87,135,194,224,285,213,216,96,200,169,180,72,136,250,222,149,258,25,80,273,151,93,30,293,193,63,147,259,5,82,16,40,264,274,206,46,104,52,75,90,44,191,81,178,217,15,238,275,150,247,89,31,226,23,291,26,276,171,279,120
4,261,291,187,275,111,87,147,224,276,31,179,101,92,85,160,17,146,249,265,296,203,139,188,257,128,42,184,70,215,212,108,98,293,133,21,201,162,157,192,244,290,45
84,100,47
148,124,175,89,114,276,243,117,282,215,46,203,204,11,221,138,102,111,300,272,220,250,85,264,7,59,296,195,60,81,83,268,113,289,212,187,280,155,259,41,273,292,263,125,185,106,213,265,293,22,144,87,27,241,56,214,186,96
212,206,269,188,176,197,64,155,10,11,204,190,264,233,51,253,69,280,23,259,172,121,86,231,48,79,278,85,105,298,287,192,225,74,70,223,73,289,297,154,221,222,198,237,12,210,135,258,208,16,2,227,284,271,236,255,275,1,262,75,143,158,251,42,31,242,211,144,173,285,25,260,24,29,195,62
205,210,130,196,243,259,112,66,15,218,8,186,165,279,46,276,115,219,233,200,86,133,92,82,99,262,168,20,10,85,7,68,164,97,74,105,197,249,139,50,268,98,255,247,57,136,77,170,3,252,125,69,201,275,167,25,254,128,184,274,53,295,292,90,64,113,36,137,127,135,47,141,5,30,278,266,282,79,286,287,190,100,215,143
258,68,182,247,41,226,91,234,107,112,95,90,172,275,241,56,108,230,9,13,204,45,257,203,37,104,187,152,298,15,190,163,295,88,158,217,291,63,78,237,127,36,274,52,128,290,263,147,6,69,73,166,132,215,43,51,154,216,248,254,27
166,159,3,11,259,112,138,81,31,35,89,188,71,125,227,53,235,135,10,261,271,284,21,253,230,62,105,269,194,177,292,202,129,42,45,4,109,255,236,36,204,279,95,34,91,198,168,57,294,249,16,58,192,165,233,201,76,245,108,275,213,107,128,96,264,144,56,243,231,196,175,248,190,217,289,161,59,75,221,153,237,260,252,119,22,293,287,113,296,41,106,295,140,191,133,224,171,28,64,66,300,124,281,13,146,172,297,223,216,120,205,184,18,110,254,139,222,55,268,285,127,17,15,250,278,239,154,98,197,132,115,80,152,149,26,182,176,54,185,282,273,49,65,85
254,16,134,143,51,100,297,156,122,85,299,179,8,138,144,42,271,54,258,206,294,278,263,284,202,73,203,59,248,35,247,105,177,30,147,24,192,121,181,228,253,298,25,119,187,296,136
164,145,211,247,71,149,173,153,193,296,275,40,222,20,131,234,244,83,300,13,253,163,152,238,264,214,176,93,27,194,205,167,94,230,236,58,48,196,263,224,138,210,96,147,87,165,177,209,187,134,8,49,44,65,125,288,16,107,178,228,124,150,133,208,237,11,295,101,189,35,293,216,235,75,201,26,46,277,188,32,41,60,206,257,282,291,151,207,127,231,15,74,100,109,38,144,254,267,116,251,290,181,79,42,199,73,23,219,241,7,10,6,171,221,115,62,128,63,297,66,77,39,183,252,141,292,108,276,286,120,132,255
149,188,225,183,202
257,265,293,184,251,168,29,43,211,123,58,5,223,195,114,110,143,204,22,101,256,296,279,258,218,221,269,33,90,215,100,253,106,282,92,88,16,130,228,82,283,85,208,192,35,99,23,206,107,167,9,159,73,203,68,259,11,287,197,291,280,7,194,28,124,281,56,207,177,169,76,267,46,161,178,156,200,80
43,260,108,273,107,87,229,55,236,82,269,126,3,200,276,147,151,62,290,199,49,25,93,15,64,81,293,280,171,202,189,159,279,111,285,8,206,240,283,85,66,5,207,247,288,197,12,248,183,163,148,122,92,191,146,217,94,113,34,69,120,26,68,209,132,230,80,270,52,292,188,131,97,299,258,161,179,125,20,176,130,30,96,203,58,109,86,228,173,253,2,172,216,139,190,268,243,56,289,102,135,252,181,47,275,119,195,134,21,180,40,223,266,124,185,192,149,23,287,31,112,141,286,91,115,201,165,145,41,27,35,154,17,168,156,14,241,261,175,150,251,76,137,22,178
257,214,50,59,132,28,36,88,122,159,209,296,166,84,180,65,120,143,241,176,18,95,253,71,197,174,246,49,233,2,182,191,215,14,172,114,282,13,237,250,289,286,104,203,186,62,87,206,285,280,179,42,123,96,229,33,294,278,161,133,252,82,57,264,242,29,6,93,210,110,269,238,255,169,73,125,194,48,43,221,17,187,240,116,137,268,79,98,213,222,103,9,223,217,195,83,281,148,100,44,155,202,26,235,266,300,150,3,118,129,86,20,7,31,262,38,94,134,277,248,101,272,231,228,271,5,64,130
189,148,210,90,33,56,137,39,6,154,23,147,201,173,197,222,32,82
196,271,259,232,289,253,83,16,245,113,86,53,246,220,103,171,266,237,126,137,194,69,115,117,296,141,129,153,202,38,162,297,182,172,54,281,244,255,279,187,124,190,106,24,52,6,152,221,127,87,112,133,290,293,28,49,142,238,204,11,161,140,148,285,241,264,84,26,36,40,219,77,203,222,195,22,189,165,193,85,118,62,65,155,144,291,212,139,108,276,156,249,160,34,210,274,183,94,72,163,145,159,170,224,184,4,21,284,104,158,173,114,110,167,261,254,120,3,93,188,122,89,191,15,231,56,234,91,57,135,55,282,263,227,247,46,97,273,236,225,8,166,73,200,59,131,223,60,277,44,294,186,269,18
56,68,283,233,97,140,67,160,48,245,32,151,157,107,145,231,300,214,35,195,11,14,6,91,132,111,255,90,293,259,281,169,187,271,72,135,146,46,86,189,156,118,23,125,101,133,219,18,31,297,239,147,43,28,175,1,194,138,74,200,186,37,167,173,282,83,266,178,269,77,29,112,110,204,236,280,206,292,250,124,80,212,275,144,53,253,42,106,246,159,265,294,66,105,59,188,205,201,115,136,47,285,260,263,152,217,165,258,120,279,171
85,147,214,114,72,286,292,232,17,168,174,95,19,29,110,3,250,5,257,68,172,89,43,251,140,296,98
267,167,238,183,41,281,14,99,101,214,25,128,36,248,159,223,158,234,108,116,70,284,188,130,23,189,2,143,181,109,64,152,17,225,69,275,278,230,124,28,273,172,156,221,112,5,55,296,242,94,22,280,186,102,236,85,226,161,122,256,154,244,83,149,3,178,68,265,125,65,56,129,44,57,42,134,60,126,45,105,272,259,187,166,241,270,250,247,136,58,286,144,113,262,237,118,51,135,31,4,287,229,110,299,194,285,164,240,30,216,215,79,138,26,185,12,16,111,168,139,289,258,46,150,133,103,107,66,174,89,86,254,231,170
83,70,182,272,280,290,260,299,252,265,215,56,189,100,170,60,226,222,184,268,259,156,41,128,186,298,15,126,289,121,97,129,11,89,135,33,106
109,192,159,293,142,67,149,251,60,183,74,263,117,210,70,262,224,228,170,132,196,39,254,197,198,189,279,174,265,111,240,1,114,135,275,161,160,68,259,46,243,140,203,193,56,84,122,3,261,137,172,207,6,162,59,285,208,260,154,29,96,180,118,126,168,231,35,178,23,300,187,184,45,125,276,281,267,291,108,182,249,177,264,151,144,150,48,171,272,123,252,158,94,288,284,16,69,145,152,155,239,42,24,273,95,270,89,211,27,194,22,181,298,2,100,287,75,37,146,165,8,283,216,241,143,11,50,13,201,215,295,163,106,185,173,289,40,297,85,244,282,202,32,78,62,14,258,15,156,257,92,86,220,57,221,227,88,200,28,124,169,53,54,294
77,1,195,264,131,9,51,183,165,249,124,86,216,243,29,187,153,149,49,178,130,223,126,4,55,169,168,138,30,72,224,8,36,28,184,84,98,10
24,31,85,69,259,54,43,127,135,93,134,106,225,141,132,258,183,13,116,288,128,232,213,118,273,243,162,185,19,34,270,230,298,198,216,77,86,184,39,62,47,113,266,192,289,186,48,30,173,284,222,49,2,95,22,70,27,205,84,163,12,272,237,164,247,122,78,218,136,179,286,156,151,90,33,124,26,299,51,175,14,221,158,197,114,149,4,166,287,170,18,73,101,254,231,111,211,36,291,159,293,241,199,246,174,279,110,239,123,102,257,300,200,253,208,294,169,217,252,206,150,167,180,82,72,168,196,267,215,6,153,79,40
116,95,20,148,143,75,72,156,238,43,127,231,242,154,45,123,24,34,244,102,223,94,88,188,257,172,32,233,73,142,235,163,180,84,145,92,267,290,254,96,35,226,12,170,91,129,54,114,23,297,151,49,191,280,112,9,10,110,287,36,210,176,77,31,124,282,198,220,90,177,120,133,160,248,205,214,239,264,289,125,165,197,201,181,118,276,59,44,240,216,7,224,130,212,82,66,16,11,166,284,273,215,208,291,213,27,189,62,64,17,33,296,141,222,99,237,270,30,192,200,137,78,111,139,15,93,85,131,103,29,299,219,39,229,300,87
171,51,145,117,72,13,2,256,91,289,266,143,269,245,174,185,183,233,262,205,177,5,212
232,51,208,278,45,255,265,91,286,76,133,176,161,182,162,295,8,239,242,210,19,216,300,126,22,119,154,289,213,50,81,111,49,188,175,59,179,13,298,280,106,138,178,53,246,222,227,110,34,185,103,25,93,65,4,243,113,220,273,67,43,42,37,159,157,240,118,283,215,70,109,248,79,205,142,252,245,253,14,267,78,10,184,234,258,102,266,95,96,285,264,114,66,292,229,263,211,72,115,270,58,144,171,12,201,212,236,17,225,203,73,90,218,140
