219,113,39,67,238,200,62,216,118,8,139,201,89,277,256,124,21,54,88,179,140,81,83,266,45,228,47,134,165,13,86,283,127,233,11,24,131,278,234,56,232,36,72,147,253,204,213,126,207,288,58,174,176,223,14,177,242,206,254,208,149,186,178,284,82,267,66,220,195,152,71,65,34,155,110,60,291,285,121,273,276,44,249,157,80,180,171,187,7,250,298,108,262,53,287,91,159,28,38,191,235,196,286,190,59,258,99,255,167,94,160,2,144,85,100,112,248,37,102,79,10,170,40,257,50,181,26,75,239,205,49,74,166,35,162,245,116,274,243,114,1,193,221,272,209
80,86,123,12,142,100,133,255,35,236,22,163,115,69,58,29,210,269,37,71,227,45,102,228,138,203,270,21,139,39,281,136,87,106,110,55,119,137,159,67,27,188,59,52,211,2,11,46,177,1,190,213,286,54,260,77,129,300,105,57,216,221,73,217,154,280,282,225,201,206,104,17,124,8,147,75,220,253,268,114,84,83,85,158,151,5,63,101,167,99,244,30,128,278,223,62,296,174,166,16,183,178,204,192,195,131,162,287,116,7,82,6,169,134,13,96,50,107,250,165
84,58,144,94,96,123,182,240,82,262,99,115,78,164,8,202,285,129,168,65,172,289,101,88,275,63,181,15,37,55,49,158,235,113,293
52,188,94,212,214,185,227,141,217,280,266,277,275,215,71,220,5,231,254,156,44,225,22,47,66,64,270,25,153,245,117,240,244,78,80,168,234,183,142,166,191,232,46,261,96,190,4,33,10,7,260,149,221,201,67,171,76,219,204,226,174,196,154,184,83,37,213,206,136,140,290,167,132,105,289,49,282,172,127,242,248,230,138,239,126,222,235,23,237,104,187,14,38,93,16,87,89,62,122,98,95,173,40,271,68,223,295,281,194,116,238,202,110,124,298,85,253,24,169,35,84,249,157,179,106,63,92,160,268,9,297,150,21,146,48,75,159,229,72,176,103,90,241,283,43,264,193,39,224
100,263,102,103,269,210,232,132,125,167,54,275,202,29,42,37,222,219,274,299,131,158,92,48,175,180,5,21,166,292,171,161,149,93,288,257,145,153,243,33,17,270,38,204,84,117,198,144,170,140,259,207,148,231,95,83,221,300,7,199,230,281,224,168,209,106,79,27,2,286,213,267,89,196,137,123,130,251,122,178,151,120,45,133,157,163,119,56,176,228,9,253,182,255,136,272,129,298,101,109,295,10,86,201,216,181,206,254,246,262,118,97,34,183,291,169,159,172,238,1,104,55,110,24,265,90,248,134,63,13,152,289,31,212,126,260,146,71,277,69,208,191,160,235,280,192,43,284,174,73,173,249,36,47,162,205,268,256,88,26
96,178,30,230,100,39,134,257,300,258,143,205,52,244,48,70,214,85,83,160,164,174,126,114,212,195,277,177,80
143,38,242,50,198,87,109,162,90,219,226,80,163,42,167,36,48,127,262,125,295,282,267,21,202,57,245,178,289,60,26,166,132,147,170,210,35,72,39,88,142,173,146,259,185,191,209,52,129,230,49,157,55,95,237,258,101,76,67,184,213,40,161,53,225,201,254,229,69,98,244,102,1,249,250,288,193,231,149,266,30,14,243,85,224,160,18,207,96,169,183,284,279,287,246,278,253,238,151,58,164,130,168,156,32,144,135,195,51,172,199,138,197,23,187,256,62,298,4
116,153,93,258,38,92,59,236,49,148,167,55,95,160,142,1,14,79,152,222,145,143,71,5,210,162,32,12
214,192,239,191,174,208,186,224,57,148,173,78,16,121,228,195,142,298,146,87,14,219,251,242,138,289,220,72,300,179,41,59,83,67,120,201,155,53,299,241,185,213,44,154,19,13,258,8,279,22,17,260,223,108,248,51,56,38,124,130,271,216,264,54,66,1,113,222,253,140,92,7,161,263,284,94,90,116,184,11,63,128,218,145,164,111,6,81,28,35,153,156,197,254,160,40,114,95,106,125,287,206,73,187,270,64,238,119,297,23,85,118,74,180,21,245,42,178,230,152,171,98,39,18,97,166,91,84,132,172,58,233,285,280,151,46,210,273,52,32,71,196,189,86
225,26,22,60,185,159,146,293,190,138,263,8,129,46,36,234,278,174,133,6,259,283,128,94,193,282,116,221,35,153,173,227,5,267,223,16,119,72,3
120,95,79,255,284,247,77,59,81,133,12,165,9,51,70,299,35,80,52,268,76,232,278,67,231,227,248,246,113,216,300,121,199,164,138,131,226,230,118,14,295,177,75,275,243,149,153,175,210,110,222,68,234,43,151,267,30,291,281,78,155,114,191,98,19,58,201,100,36,117,26,286,1,85,289,182,277,41,86,197,292,184,192
292,107,106,118,109,156,300,100,251,162,198,143,237,277,299,210,212,255,110,144,123,31,48,239,215,227,94,17,29,163,256,56,61,97,51,288,28,225,294,121,165,20,244,24,226,266,285,133,220,245,46,128,84,223,75,265,82,102,89,52,280,66,187,91,178,58,200,232,269,243,240,283,134,152,15,148,35,60,7,236,170,108,127,175,150,57,90,136,293,88,272,262,64,177,154,188,92,297,22,111,83,249
196,217,281,158,167,7,213,242,100,185,125,121,4,102,275,66,283,204,260,82,154,17,113,155,300,289,109,60,193,71,296,131,287,42,76,227,128,12,65,159,171,19,169,286,230,212,245,157,262,136,145,183,45,166,200,43,201,216,146,72,32,194,147,14,181,10,254,198,220,91,177,247,240,135,188,37,73,127,224,101,87,191,77,272,93,119,187,152,149,256,138,63,15,122,134,95,90,277,62,189
289,244,194,108,85,54,231,256,99,228,214,22,161,226,209,286,148,225,300,106,205,129,238,254,39,101,208,10,71,56,221,89,291,137,267,165,81,133,128,295,83,100,72,261,264,27,117,59,263,20,204,266,35,34,18,176,175,68,5,213,174,25,55,123,274,131,87,235,192,223,294,280,14,96,154,19,12,41,6,130,13,58,150,164
144,56,189,34,259,113,7,28,172
292,223,189,68,135,225,270,125,82,107,57,98,205,202,62,49,286,195,232,77,123,266,91,65,30,111,6,66,252,222,99,71,282,264,14,22,63,105,33,233,213,291,218,102,209,172,40,242,203,2,133,229,296,97,288,42,248,150,212,163,197,29,281,24,239,78,293,127,219,96,25,17,118,249,141,260,51,21,12,183,95,294,44,272,177,259,18,246,87,130,300,103,114,273,182,50,200,64,48,178,109,257,279,112,268,113,175,38,134,283,23,11,132,217,117,181,187,58,1,147,275,54
56,90,9,142,185,96,254,153,187,107,228,46,31,57,71,212,50,274,140,282,232,278,100,177,124,42,268,276,27,261,101,40,176,143,19,35,146,217,293,104,287,14,99,171,164,34,4,120,139,189,152,73,128,119,170,61,64,82,219,93,110,241,144,41,290,184,218,55,51,221,136,178,48,147,260,295,60,182,11,234,106,199,246,162,21,299,113,149,272,45,236,66,267,285,225,172,111,18,265,168,44,210,214,69,154,70,68,3,174,125,289,10,84,132,150,114,77,157,103,186,63,286,259,213,191,116,243,87,242,222,258,62,133,238,43,105,75,32,251,135,247,2,175,15,118,239,190,12,231,134,8,159,20,165,131,156,229,112,250,271,122,208,211,220,233,193,202,166,292,137,16,192
129,75,38,286,17,1,277,184,253,233,55,199,70,108,138,178,57,46,86,211,93,76,27,53,128,205,170,291,65,282,67,59,224,54,25,173,175,256,3,29,127,99,64,103,140,222,183,88,84,168,169,268,50,48,208,270,110,20,223,137,158,272,280,165,236,225,79,207,187,216,18,229,28,135,300,152,106,181,214,45,32,66,203,5,154,35,77,159,68,63,121,201,202,217,180,192,284,221,271,39,2,161,9,167,51,269,204,245,295,85,288,6,250,58,43,24,62,151,105,262,190,101,100,149,156,185,197,294,296,119,264,41,213,42,247,33,133,242,206,47,287,12,265,56,148,259,240,298,195,239,155,112,78,166,283,142,113,278,174,95,157,252
97,110,20,45,200,7,264,37,47,111,171,40,240,201,213,18,72,82
131,40,298,17,55,89,46,242,291,123,135,255,237,139,23,284,210,63,54,199,70,148,213,274,275,264,93,155,61,108,133,198,29,71,30,169,1,251,104,37,244,26,102,272,83,66,85,50,294,141,118,113,163,21,172,47,130,220,56,197,97,300,33,184,44,292,52,286,285,147,295,122,215,188,207,164,167,156,64,28,231,153,293,230,94,288,11,196
190,241,103,29,36,278,212,254,277,111,13,249,188,91,275,199,101,206,183,33,84,60,233,154,213,3,256,237,6,38,228,271,261,231,57,80,90,202,104,18,267,282,15,17,251,74,64,246,258,263,169,23,76,28,292,75,286,124,136,58,189
61,35,53,104,192,125,294,30,157,11,52,198,249,170,182,211,145,161,98,154,221,280,245,102,48,66,123,29,228,32,165,81,230,132,87,84,12,40,169,285,231,139,164,205,284,103,73,272,46,166,246,47,36,128,175,232,94,298,292,13,262,217,50,116,25,223,129,213,158,180,300,45,1,296,17,122,276,247,268,140,6,127,60,133,118,168,226,203,64,117,67,162,163,244,22,159,243,97,138,42,96,283,188,51,71,264,77,3,23,197,275,19,20,24,263,37,242,137,10,214,90,183,14,257,248,120,152,291,65,121,299,78,63,28,200,289,266,147,112,149,16,126
17,87,174,121,208,34,259,68,77,51,110,158,298,128,215,90,245,291,79,46,115,11,74,254,159,294,188,103,151,170,112,194,149,290,36,138,119,113,258,279,246,299,266,23,231,6,184,278,136,173,181,127,106,43,118,50,35,82,196,288,206,203,300,14,238,52,1,293,61,211,164,44,182,130,242,57,168,216,191,4,241,70,64,169,297,120,131,96,73,7,213,10,190,162,32,286,102,16,140,247,177,221,55,204,129,48,252,8,268,93,78,92,123,180,232,150,285
214,265,10,266,295,237,257,121,150,63,151,159,119,206,165,188,290,2,276,291,39,52,158,32,194,260,12,156,205,298,124,196,163,120,296,133,134,255,34,98,262,24,252,261,13,192,229,127,218,230,226,122,157,5,181,176,289,49,177,68,66,64,269,198,144,85,111,96,184,161,162,108,249,7,213,247,91,118,152,300,57,246,253,183,14,239,279,221,178,143,89,76,209,202,18,190,115,173,224,78,99,83,272,38,203,204,275,200,148,208,56,51,117,74,113,210,43,27,26,285,40,97,19,270,45,110,46,55,70,73,3,263,211,125,54,105,170,164,67,267,222,281,274,72,231,22
54,131,139,91,124
124,70,163,120,223,165,130,144,271,196,109,146,114,54,97,198,177,183,137,269,250,283,239,201,37,122,280,206,147,50,121
88,175,61,151,218,254,269,99,130
40,120,104,56,280,81,159,295,78,79,17,240,252,34,142,71,65,68,50,230,231,258,106,226,132,263,160,39,138,235,161,110,290,59,117,24,98,284,29,168,279,221,266,246,21,164,140,180,74,86,141,136,4,75,292,20,55,109,139,202,150,147,155,14
21,226,182,238,31,169,267,14,111,191,118,71,142,239,274,175,36,185,292,184,10,99,253,73,3,236,214,98,2,241,133,248,127,134,97,178,131,188,227,48,263,247,207,269,116,129,109,83,7,252,70,66,69,250,265
289,141,31,158,230,32,99,173,264,74,271,267,188,98,84,162,235,37,238,292,18,279,196,198,64,181,28,56,128,53,76,12,44,300,228,187,234,157,145,35,21,237,282,79,240,46,212,137,22,34,220,39,127,285
288,81,275,89,101,121,167,1,234,212,174,65,78,46,216,235,226,34,67,262
133,118,186,246,102,84,53,73,108,212,130,115,79,174,96,196,120,279,30,278,140,216,294,65,67,14,57,83,149,145,103,89,46,82,171,6,29,156,153,158,125,1,97,240,183,15,61,16,215,270,166,95,257,38,90,281,177,98,33,87,55,218,105,134,276,39,164,187,45,219,135,162,69,211,289,99,221,229,269,51,22,242,208,192,136,287,272,230,122,32,178,236,9,13,239,197,2,254,8,252,274,277,126,263,154,163,100,195,188,85,265,50,26,190,207,167,232,63,298,202,148,259,283,295,36,206,184,181,245,180
89,116,193,117,52,266,19,278,63,227,60,157,31,105,121,241,267,61,277,170,275,136,56,132,152,109,131,213,125,144,297,264,202,67,228,247,269,140,147,92,210,114,7,167,120,255,252,225,126,119,86,281,272,178,191,1,29,39,110,12,203,173,230,100,146,292,197,300,283,98,49,35,282,72,271,40,44,214,127,129,216,85,181,156,185,220,155,174,201,73,169,223,262,4,184,217,106,80,209,240,206,194,24,139,32,219,59,91,71,47,112,95,108,268,96,195,263,293,162,245,102,81,138,77,58,189,11,253,188,182,160,16,22,8,151,218,57,55,289,172,9,239,83,113,149,186,6,25,192,122,190,62,141,74,17,88,153,46,261,2,90,238,111,51,287,5,33,37,295,137,14,207,148,288,93,183,27
208,35,75,4,65,15,157,144,246,299,86,55,42,269,263,218,131,244,227,64,176,175,258,256,135,90,76,283,173,243,249,296,280,70,54,278,101,45,53,215,170,148,124,200,180,11,202,223,205,167,156,274,211,114,61,117,139,71,100,41,241,168,276,25,197,293,68,79,3,224,169,97,234,279,159,272,119,259,242,18,112,31,171,50,24,193,195,38,89,146,28,30,154,108,5,1,29,19,145,47,104,36,134,52,6,51,185,225,172,96,277,8,233,59,107,16,126,82,78,290,43,125,194,94
210,245,89,114,295,129,238,184,59,31,130,251,110,243,162,1,92,55,203,284,14,208,146,253,261,270,241,76,105,178,85,103,179,97,290,206,10
163,44,298,235,127,50,284,172,105,11,154,246,27,55,47,90,278,243,130,53,24,151,181,184,256,178,273,195,152,88,214,261,58,132,234,161,254,79,162,277,68,231,82,206,285,185,217,5,239,216,166,41,241,98,69,182,282,276,35,183,39,22,4,81,226,71,264,170,267,40,186,266,249,294,137,271,299,197,102,109,253,171,292,1,174,28,290,158,251,74,272,96,191,227,2,188,229,286,199,73,3,37,265,176,18,148,120,94,283,270,204,190,215,187,32,156,149,136,49,207,62,29,42,110,116,99,104,193,111,147,15,291,117,6,220,86,114,84,244,9,205,262,296,198,23,212,8,233,121,30,54,112,115,77,14,167,65,95,13,213,194,33,252,48,287,259,230,245,222,240,21,113,218,236,196,100,224,87,238,31,200,60,237,279
168,163,49,199,13,62,234,162,240,149,221,133,36,246,277,145,103,152,106,235,210,252,126,24,245,233,173,64,222,114,172,123,82,281,296,150,285,272,236,280,288,102,84,275,266,26,139,136,228,293,218,294,200,243,257,122,61,276,217,34,5,169,191,179,249,182,58,242,170,74,138,209,232,290,214,205,194,267,75,88,60,1,227,174,154,131,142,270,100,44,54,273,164,52,207,250,256,2,130,271,184,206,117,8,190,193,94,269,241,157,216,144,213,132,43,176,112,72,83,171,32,92,247,231,79,300,73,196,115,187,55,63,105,10,151,255,166,68,244,118,141,251,109
55,237,23,29,106,275,230,2,61,78,46,223,231,92,187,190,77,110,207,114,121,64,200,141,206,89,20,183,150,279,213,127,7,163,80,161,181,168,135,180,255,253,235,262,59,299,124,144,258,286,208,259,291,19,292,232,280,157,81,34,113,40,119,174,125,149,10,273,83,52,245,272,140,271,155,246,30,90,186,136,165,265,70,128,269,117,26,96,281,51,201
58,101,1,283,50,74,203,171,166,199,137,86,288,124,38,237,126,197,231,113,165,111,122,273,270,39,143,263,198,215,294,225,277,173,105,56,53,213,139,286
37,294
169,10,256,29,133,122,225,198,67,287,293,111,253,138,216,209,2,196,1,27,68,135,246,98,299,23,207,254,166,176,92,116,171,272,39,165,145
154,292,10,60,140,146,129,137,274,237,282,28,165,285,93,207,192,159,126,193,57,78,50,179,171,260,256,221,16,299,70,123,111,69,270,102,101,300,26,241,218,225,62,265,163,169,196,161,71,166,15,254,283,5,248,128,234,204,65,116,228,42,133,88,186,217,205,76,272,298,47,89,231,43,251,201,73,281,216,91,4,53,255,96,151,100,203,41,253,58,208,83,141,263,19,66,296,68,107,74,293,20,219,279,80,38,182,264,135,11,226,243,8,286,250,244,288,110,157,46,176,175,267,127,178,230,295,153,136,39,119,168
230,220,236,185,151,56,94,14,68,54,195,285,160,271,61,43,85,31,263,74,259,269,67,284,286,102,66,204,289,223,247,4,69,38,246,92,278,23,2,118,18,78,55,140,47,211,194,234,297,188,162,170,76,274,22,65,17,229,80,177,44,105,242,152,64,200,201,106,109,120,93,99,86,281,169,132,283,262,101,110,98,119,73,241,111,206,266,248,135,84,245,163,191,215,145,79,164,214,171,146,46,33,147,157,165,149,134,225,184,115,82,15,35,282,273,52,148,95,287,272,182,71,26,227,176,193,180,49,37,212,173,13,50,203,107,153,12,36,256,127,270,117,141,136
244,236,166,300,45,62,82,262,270,154,44,133,221,87,158,266,11,21,23,97,66,107,43,227,258,275,144,240,140,131,233,171,77,99,146,104,51,55,189,230,202,235,232,256,46,172,113,111,204,112,83,139,184,163,57,126,70,81,135,284
276,168,289,245,96,269,103,100,175,288,172,80,17,5,203,92,45,200,163,226,112,63,62,29,182,227,32,169,113,143,272,223,78,27,58,65,290,167,9,126,114,297,210
96,268,146,248,37,240,202,285,12,275,177,67,259,170,189,76,100,253,176,102,237,55,124,274,244,61,7,118,53,210,18,27,291,134,238,3,106,143,38,251,233,138,91,206,144,82,222,150,46,15,247,32,172,225,295,103,93,73,280,8,31,47,194,168,98,115,249,219,66,112,211,201,179,136,28,298,36,232,178,80,42,209,9,229,88,40,43,16,13,271,107,212,119,30,52,157,10,296,159,239,33,142,187,181,141,188,4,214
168,68,223,194,107,155,237,99,267,234,118,56,280,192,213,220,150,211,127,111,200,257,227,151,244,25,219
114,113,222,109,25,271,117,69,77,178,251,177,106,88,259,252,280,56,42,154,135,20,92,299,276,181,2,127,128,104,207,254,249,124,149,102,297,291,264,194,300,288,228,212,39,223,231,98,203,7,137,49,24,255,142,47,172,217,78,189,188,170,150,51,87,265,108,101,158,244,277,193,63,23,123,41,17,65,283,292,213,200,152,80,129,171,274,93,190,70,162,21,168,59,298,83,34,147,105,53,26,232,197,62,1,76,48,33,8,185,140,35,157,148,46,198,89,38,226,160,236,30,166,210,229,19,71,269,270,61,174,32,196,164,214,5,206,84,195,125,294,285,235,58,10,219,97,85,186,15,287,134,256,72,22,139,18,237,245,95,112,60,253,151,224,57,40,246,155,45,145,216,225,202,240,159,284,248,205,79,184,173,241,153,4,43,111,239,176,94
89,174,168,281,52,166,6,54,126,229,43,225,180,61,9,189,205,204,86,112,298,2,236,150,45,262,24,11,35,69,160,221,130,149,71,202,196,240,210,194,286,274,84
31,63,15,286,81,269,1,9,27,113,23,292,274,189,288,179,219,205,255,145,256,18,218,140,186,285,4,93,207,131,75,65,212,104,16,272,54,53,283,73,240,296,106,176,185,107,66,43,11,174,138,90,146,223,55,224,100,32,249,156,120,72,236,127,229,173,194,143,96,201,25,86,154,281,250,34,222,101,231,202,233,217,13,258,158,122,238,60,232,248,46,209,83,187,200,7,58,78,147,266,77,98,3,198,294,276,109,295,30,119,133,29,97,177,268,115,175,230
