4,106,291,204,265,224,264,281,248,227,173,184,201,58,23,140,261,134,278,38,245,152,55,219,174,188,114,97,87,5,231,69,289,210,283,127,238,177,223,136,36,175,235,125,45,21,178,2,121,161,19,129,89,270,141,273,268,119,232,189,159,154,124,91,108,244,218,96,49,256,42,196,93,206,103,236,200,24,107,74,194,109,213,33,130,83,292,233,32,80,113,1,237,254,126,10,144,85,298,131,100,146,288,75,151,37,50,95,64,79,197,299,57,16,70,128,226,214,22,259,115,7,179,20,228,112,242,90,252,168,162,253,11,147,275,207,220,72,169,234,255,193,222,71,215,287,77,257,290,229,9,15,53,104,260,212,176,280,48,92,167,262,60,66,276,51,294,172,297,6,186,35,138,274
63,297,118,78,104,219,279,271,258,150,232,251,237,18,139,193,171,213,243,26,19,188,222,73,228,103,214,235,113,114,241,145,245,45,127,42,120,296,96,25,253,152,169,135,240,55,31,112,290,69,259,8,226,134,277,225,195,40,153,254,37,156,151,166,20,14,30,97,199,168,282,102,38,177,21,196,186,89,294,5,167,198,203,50,263,202,129,35,217,187,94,143,16,146,207,128,72,80,130,162,256,13,223,234,58,29,67
12,195,136,143,147,222,271,5,216,181,49,203,299,274,115,279,65,88,84,269,294,266,298,19,36,100,211,157,130,67,7,163,32,178,204,146,179,198,73,289,227,263,257,124,59,295,4,206,292,174,28,95,217,14,87,250,68,176,2,278,72,258,288,255,247,15,171,270,23,97,144,145,93,55,44,94,119,273,235,54,265,260,114,42,224,223,187,276,96,40,83,237,71,158,168,43,122,51,275,196,142,64,287,272,128,177,126,6,123,141,283,34,246,191,101,18,104,57,154,1,208,16,82,106,111,103,47,120,239,234,261,132,131,190,296,45,60,267,74,98,109,232,24,35
251,242,151,259,1,146,275,104,206,189,247,112,279,150,41,54,220,195,80,8,39,284,253,211,222,82,244,78,12,230,208,174,166,232,297,192,291,223,162,61,147,178,40,117,20,270,294,86,266,145,293,38,170,274,152,256,209,5,221,2
220,247,196,96,30,140,78,259,92,26,31,149,291,90,58,134,68,215,84,122,171,161,130,204,18,185,145,57,118,232,23,193,155,36,9,170,101,184,213,281,10,214,207,110,46,112,250,123,224,209,53,222,39,200,127,154,54,136,206,208,77,287,135,258,233,104,294,225,62,176,52,172,198,188,148,218,94,267,20,51,255,150,131,248,139,199,88,167,169,217,197,234,73,22,120,262,203,192,265,212,14,282,99,132,296,60,183,59,256,239,279,182,270,235,15,124,263,146,93,41,156,290,191,295,43,25,174,38,50,87,254,138,3,33,76,278,159,274,286,32,240,181,219,251
205,289,80,280,51,183,114,107,62,165,39,265,101,131,259,105,231,88,157,15,140,127,262,276,201,43,69,82,207,133,4,33,170,122,177,237,53,252,284,55,150,253,147,72,91,1,204,93,135,194,191,300,296,61,6,277,274,169,3,37,171,139,241,173,239,26,46,235,79,282,67,212,29,42,202,248,50,199,195,125,249,10,174,161,223,159,260,149,156,190,255,257,132,89,22,32,30,180,100,95,168,153,65,58,141,75,256,188,2,104,278,68,225,57,54,164,232,64,197,126,184,211,13,8,242,243,18,94,208,281,298,103,167,63,261,155,266,268,236,213,166,269,270,267,293,227,176,233,99
272,24,151,204,259,33,251,236,83,150,106,30,37,233,25,214,40,11,186,175,230,154,123,3,64,281,119,126,138,193,139,75,93,135,285,279,70,17,288,65,243,47,165,293,85,155,211,55,104,142,56,38,182,81,271,240,146,130,13,222,149,253,202,110,109,4,57,127,282,80,257,162,105,280,266,31,108,32,136,125,217,179,160,68,99,53,270,143,190,195,247,278,145,163,191,63,118,43,92,72,200,74,275,231,147,61,276,28,229,245,12,291,215,111,133,183,9,23,171,5,91,112,199,42,45,227
260,205,299,160,217,190,216,6,236,279,134,20,149,48,17,172,56,27,157,213,22,174,294,76,55,219,74,65,67,248,208,106,60,298,272,266,140,15,117,102,233,25,129,7,33,152,57,161,105,49,264,154,16,215,153,44,143,201,270,191,290,9,181,110,296,225,265,183,223,91,277,259,242,99,97,170,90,276,112,47,221,151,227,199,128,63,73,207,230,150,59,256,40,101,77,198,111,75,180,52,263,222,141,121,93,58,159,193,283,146,41,268,292,231,18,250,209,295,113,206,98,232,64,176,287,133,72,88,38,186,245,200,136,4,189,70,278,177,46,162,239,212,240,163,94,79,238,13,50,66,10,156,139,171,254,120,147,267,31,89,123,32,204,119,62,39,100,249,244,108,167,226,138,12,148,24,95,185,103,196,131,247,166,173,42,158,54,178,84,107,288,124,130,297,118,144,218,220,127,164,87,281,29
148,273,260,35,237,2,184,139,263,232,153,19,262,161,150,189,13,171,200,201,143,108,56,257,297,79,250,274,145,120,123,215,282,142,92,69,196,124,238,22,147,202,110,291,14,192,128,234,290,279,131,206,159,133,212,77,265,289,268,96,50,16,239,281,173,242,42,283,183,210,40,190,205,68,84,15,11,48,119,53,67,154,294,31,107,105,94,296,203,160,7,45,230,74,106,20,95,134,121,27,229,216,199,197,222,32,241,227,225,266,292,55,293,1,21,90,115,186,277,172,181,78,100,51,168,98,9,169,213,284,236,166,209,64,235,4,271,80,198,240,104,65,255,182,167
120,216,222,240,192,248,139,57,148,69,11,29,106,146,78,202,17,74,237,30,116,285,7,47,228,243,3,50,130,140,102,90,27,258,251,249,268,183,217,161,198,22,33,108,252,200,213,43,298,218,110,40,112,189,104,193,157,80,135,86,263,75,94,141,133,206,230,226,292,44,170,18,87,99,208,149,122,28,166,152,24,124,159,227,5,224,269,231,178,279,10,291,65,54,289,165,241,163,190,134,118,32,280,253,209,19,283,97,77,201,233,286,196,92,211,41,84,204,52,290,2,60,296,278,111,181,35,281,221,260,276,264,151,12,68,254
215,160,267,125,172,208,93,6,53,247,61,237,112,131,291,278,167,56,23,255,290,64,71,258,201,225,262,104,42,118,36,156,140,101,171,232,138,132,271,164,91,182,284,22,26,163,154,228,176,95,11,259,241,283,29,58,152,147,100,219,256,28,106,47,15,234,251,265
264,3,68,118,12,15,168,268,254,229,158,220,174,211,213,239,126,208,233,135,298,165,285,176,248,30,294,265,177,39,64,260,83,219,196,5,98,231,145,81,37,271,28,207,87,215,59,109,214,261,56,280,115,99,270,163,110,232,230,205,282,113,18,128,130,17,117,63,104,284,164,102,45,234,132,36
69,250,138,195,214,207,120,39,210,300,53,272,240,286,117,75,222,224
286,125,288,133,167,281,228,58,16,26,202,60,107,224,256,255,43,132,116,260,181,155,143,168,25,193,188,27,160,91,298,173,52,14,7,204,285,101,233,214,103,271,9,45,235,86,186,282,10,66,64,218,210,42,104,46,237,90,56,2,150,22,154,284,249,128,221,270,114,222,203,130,265,137,152,141,231,135,198,171,208,36,11,139,211,183,299,41,98,205,272,212,109,300,34,3,145,236,267,57,146,92,113,276,254,165,21,182,189,40,70,195,232,238,159,253,175,250,81,290,234,291,296,33,79,102,105,54,280,191,15,38,148,30,251,85,78,262,264,136,123,220,61,44,174,71,206,294,153,176,158,297,106,35,209,169,219,246,75,268,95,29,147,263
36,63,102,159,92,55,219,208,248,258,271,289,281,142,157,173,42,264,175,212,39,146,190,169,96,29,115,19,117,158,73,118,170,116,78,139,112,263,8,214,242,161,145,230,70,52,49,296,192,270,229,61,182,2,99,88,28,104,69,76,254,123,295,138,259,207,38,85,122,131
224,112,183,128,10,70,262,26,129,176,44,251,4,76,276,294,46,255,277,38,189,156,283,32,225,6,139,90,288,235,131,89,2,25,208,105,55,268,273,151,220,271,164,184,58,155,35,179,97,73,116,19,209,33,172,182,87,11,300,56,199,180,65,289,15,92,86,117,214,103,147,43,132,150,71,75,291,81,246,217,83,197,41,146,93,245,215,79,110,62,120,281,284,16,233,68,203,22,158,119,61,1,239,82,28,53,17,272,60,37,34,223,95,293,154,50,107,12,250,123,191,51,72,267,84,261,160,121,115,192,219,237,252,94,185,249,23,161,169,143,67,242,153,188,296,265,133,5,270,258,222,168,14,74,106,299,78,42,278,162,159,137,232,227,202,124,108,240,134,286,136,88,54,201,263,178
16,98,112,31,125,82,8,244,91,32,147,255,119,90,164,165,231,123,239,118,11,95,254,111,216,199,69,152,184,190,85,120,80,285,203,49,110,160,288,126,256,284,36,88,60,109,177,191,153,187,201,72,44,122,265,19,207,135,104,186,106,181,29,76,296,133,292,105,148,274,185,261,225,127,215,130,93,121,1,243,6,180,172,62,65,84,144,37,42,145,124,87,258,46,214,213,194,47,202,251,142,21,89,4,139,10,289,246,43,150,234,179,280,77,222,39,205,227,293,183,218,290,163,252,34,210,197,182
138,270,151,276,79,192,19,223,171,110,294,164,41,178,287,50,234,2,166,112,293,29,80,292,217,62,68,146,144,238,172,90,179,1,255,149,266,99,46,281,148,119,248,275,87,95,100,222,132,27,269,199,296,227,253,219,67,233,118,224,137,61,158,141,263,14,209,11,114,37,134,145,156,259,13,136,72,30,89,56,250,57,212,299,65,229,129,84,123,291,241,42,81,206,214,159,231,49,8,252,264,174,54,249,183,120,204,213,147,106,261,288,277,124,176,225,59,108,92,44,186,237,133,117,101,286,221,125,18,280,210,51,88,162,157,167,26,135,193,202,290,245,165,235,25,77,243,175,169,10,265,143,239,228,109,203,285,268,187,272,9,282,39,160,91
118,251,108,130,180,66,97,175,151,295,100,260,137,95,93,261,156,74,14,134,125,166,212,203,271,54,300,36,115,238,163,246,65,236,170,247,287,292,41,190,72,17,294,255,197,269,225,277,9,259,228,3,116,265,222,90,178,53,109,120,78,230,285,270,276,140,177,288,290,202,101,164,157,208,199,34,47,2,21,38,267,138,245,87,135,31,24,183,176,194,50,244,112,158,216,25,224,207,278,111,49,7,279,128,55,13,68,258,257,206,263,37,154,169,192,152,51,179,147,30,167,145,98,282,62,84,124,81,143,32,57,252,79,26,88,144,275,173,113,27,102,241,104,286,171,281,284,40,204,248,56,105,8,42,181,214,99,289,195,223,220,35,274,293,189,117,19,273,243,215,211,91,83,146,219,240,242,15,213,86,187,299,12,22,64,75,123,139,132,210,172
226,152,132,207,28,271,83,298,140,88,183,47,39,299,175,77,261,275,238,126,147,80,2,273,134,293,222,167,286,84,195,95,13,269,266,200,228,193,247,24,32,119,157,78,216,188,48,3,120,235,148,34,93,255,214,279,154,133,94,282,277,257,278,177,7,297,201,233,146,219,81,50,252,172,174,292,116,123,250,115,242,56,197,212,265,151,163,270,170,46
35,103,231,137,32,251,271,134,244,71,17,113,259,166,224,94,109,225,164,90,101,221,294,248,243,226,130,299,26,168,49,298,122,199,127,69,279,280,205,87,281,263,287,258,38,24,48,270,283,193,131,81,135,161,242,33,220,237,222,59,41,97,13,189,52,47,209,102,257,156,197,252,3,228,155,267,255,107,212,126,289,171,67,9,162,195,65,18,123,42,190,15,112,282,288,58,70,204,275,99,117,235,93,272,145,46,128,213,55,202,159,150,184,66,284,277,173,188,174,62,141,153,254,37,22,264,61,148,210,181,253,85,185,45,206,236,23,239,227,89,54,223,154,292,119,53,290,16,140,216,232,247,146,219,80,14,149,57,5,124,76,19,250,152,278,186,170,129,196,105,295,64,200,28,285,211,192,115,138,229,75,74,104,44
125,280,110,170,8,102,257,149,151,139,298,116,187,218,38,32,122,120,145,153,72,101,23,180,267,142,247,179,26,251,28,99,63,64,287,189,148,129,17,46,193,49,14,223,197,261,182,41,12,96,82,40,15,277,124,147,205,199,59,172,58,158,213,33,275,100,168,61,286,228,10,144,87,165,104,34,219,208,85,206,131,244,264,25,36,43,31,194,166,22,198,283,201,279,294,221,127,7,169,155,109,162,62,50,134,268,281,69,54,225,152,130,20,232,203,248,233,188,117,285,299,173,35,184,224,190,186,292,141,220,263,2,136,217,195,295,157,66,202,19,52,55,119,76,266,18,196,3,289,6,1,211,200,249,293,108,243,79,245,222,53,291,300,94,74,192,67,88,83,255,39,84,51,270,274,178,97,103,68,11,90,181,297,260,91,73,146,29,140,56,207,240,81,118,290,273,86,296,230,112
179,226,141,127,2,140,137,148,220,200,189,276,84,194,154,274,184,132,81,33,101,46,48,208,199,39,158,144,165,59,90,27,93,232,133,60,94,62,32,198,24,190,97,255,195,13,216,295,85,278,172,207,34,37,213,229,268,273,203,99,120,261,40,178
220,114,299,116,280,19,164,61,296,89,179,60,206,232,240,131,173,236,193,269,41,162,12,294,224,213,241,264,20,202,221,234,38,86,71,297,70,33,254,290,172,262,187,90,24,26,23,216,117,107,59,188,4,56,279,227,137,266,175,265,148,140,76,151,163,150,198,120,249,31,156,260,225,130,110,74,146,215,104,201,204,248,72,9,230,165,36,115,67,287,18,39,97,98,69,25,181,168,34,112,289,244,82,22,2,78,40,223,228,119,5,154,186,208,231,45,159,261,58,83,144,197,238,259,207,134,282,125,109,49,253,94,139,196,235,273,214,268,153,178,185,246,182,147,35,127,194,166,191,200,15,73,211
7,264,122,238,21,129,110,127,54,164,294,13,272,261,111,231,284,191,14,180,94,88,167,187,16,230,198,106,282,104,121,172,185,66,105,51,24,117,182,171,71,281,173,32,223,118,68,123,221,292,189,141,190,299,103,74,170,59,293,169,12,18,124,23,34,155,177,58,79,300,138,271,296,227,274,156,283,298,267,214,125,36,72,183,52,1,174,60,195,85,44,159,224,203,43,57,115,154,64,215,181,9,163,263,244,49,160,253,205,132,131,83,45,56,90,119,153,275,213,4,139,157,101,235,11,35,246,175,248,70,5,144,194,148,114,200,276,188,228,209,186,6,98,150,152,268,112,22,80,207,257,197,236,199,31,212,297,287,82,63,91,50,100,33,20,233,92,40,176,202,146,128,278,184,255,277,196,259,69,109,73,147,289,19,135,149,95,28,218,178,240,41,295,142,168,192,15,260
61,211,67,69,257,15,144,268,72,222,17,200,154,108,30,96,5,55,121,269,58,186,66,171,262,245,49,29,80,250,197,59,157,74,204,86,73,209,293,87,7,213,284,127,83,160,122,28,234,141,166,145,179,60,182,10,12,156,236,254,146,263,71,218,64,107,195,169,4,291,36,38,242,8,238,25,123,40,226,124,90,117,151,1,131,140,276,35,112,99,199,62,198,181,264,183,227,219,188,167,201,111,97,176,184,165,172,203,143,41,138,300,79,23,153,148,259,43,92,106,9,135,189,56,37,101,252,168,39,233,114,162,98,120,255,279,139,91,220,208,283,125,230,2,53,225,104,81,215,14,20,170,248,249,277,267,163,175,57,239,224,16,134,78,13,190,149,251,19,194,164,110,152
85,137,124,238,259,200,217,108,177,181,72,280,149,44,76,38,146,272,290,271,15,152,293,57,92,276,298,62,34,263,158,220,119,131,196,28,142,274,185,37,265,67,107,285,50,219,55,126,65,237,188,287,41,223,235,43,26,103,229,179,159,296,161,101,164,165,90,6,170,68,246,151,155,79,268,251,190,300,11,244,144,174,129,128,191,16,157,218,21,100,93,222,60,97,33,252,69,283,228,198,49,192,82,127,17,286,288,156,171,114,5,173,232,141,122,135,35,148,113,75,80,176,56,183,261,66,58,115,247,20,248,59,30,7,138,99,212,123,210,243,91,24,208,180,116,226,255,256,125,48,8,106,209,46,130,194,230,143,221,36,150,140,9,132,270,199,215,225,241,284,133,214,74,1,189,262,250,186,279,204,299,160,260,31,110,121,297,29
283,262,38,77,59,113,106,138,250,243,251,65,35,71,128,57,224,255,293,205,273,166,267,31,98,103,14,193,296,79,105,58,126,76,268,290,285,7,89,244,125,134,206,11,280,82,167,198,20,196,48,184,159,216,209,149,155,70,186,204,238,269,9,178,189,73,84,62,133,237,50,211,136,127,80,294,213,230,129,25,299,104,217,271,214,44,187,260,92,225,49,116,300,278,111,162,55,233,90,39,109,272,1,253,115,282,292,28,139,69,45,6
156,2,113,55,270,279,54,212,149,88,198,41,165,101,62,275,233,140,83,196,241,284,232,172,264,7,240,183,229,186,227,168,193,213,29,127,190,259,175,293,204,249,189,87,299,20,9,28,135,185,70,139,44,248,256,26,298,80,181,160,39,85,162,184,285,13,16,289,219,146,75,147,27,103,243,19,126,120,64,300,191,201,217,239,223,294,247,142,231,178,292,63,107,263,199,23,195,42,105,43,226,97,192,76,225,15,214,118,274,210,57,265,179,276,215,250,280,262,121,202,123,234,6,173,34,268,130,228,236,31,182,174,8,138,134,86,273,5,170,21,22,65,242,272,77,150,12,67,208,66,260,122,152,18,115,155,47,266,288,145,167,94,82,220,73,109,158,237,40,3,153,297,91,108,141,287,90,53,33,144,209,68,100,32,222,291,133,106,24,283,254,95,151,45,10,238,161,136,128,25,110
283,194,295,42,73,196,239,294,159,175,20,38,266,270,217,288,132,121,68,200,24,109,145,235,162,21,55,186,135,258,169,178,144,59,31,54,69,58,167,299,51,37,149,71,251,223,143,97,253,86,16,246,102,213,106,29,66,157,260,57,218,4,269,249,273,250,296,30,247,91,180,168,256,116,234,281,35,254,9,278,22,293,153,292,82,274,15,259,184,136,107,238,93,36,63,133,114,228,227,17,3,80,264,11,241,41,10,96,99,129,85,52,61,60,75,104,49,140,263,179,233,119,297,192,83,2,26,118,204,138,101,287,170,211,191,255,189,25,46,64,8,14,126,70,48,108,150,154,103,182,98,155,187,163,212,6,92,146,222,33,18,224,161,40,12,272,229,248,110,125,261,142,210,122,199,237,23,201,183,174,209,95,112
269,77,295,23,261,95,45,102,122,46,26,267,6,220,214,240,149,291,10,44,208,187,194,189,153,176,254,126,181,205,64,155,200,37,60,89,297,167,244,88,31,83,257,78,184,300,124,190,268,73,175,290,263,188,2,206,97,75,171,159,59,112,186,258,253,18,227,272,43,283,120,32,226,100,30,143,33,130,103,213,179,203,277,24,147,172,236,57,19,101,216,86,27,284,198,169,104,185,223,233,52,168
171,77,55,281,62,88,40,250,236,75,285,97,74,90,207,211,150,292,280,230,70,291,99,268,125,189,259,273,205,36,79,20,140,244,183,18,190,224,258,91,298,80,109,170,59,116,145,30,94,231,13,266,166,218,78,235,209,31,178,270,54,216,92,238,148
293,234,243,35,48,281,78,159,205,244,151,226,221,156,29,182,6,95,112,276,79,271,246,150,21,158,111,53,163,9,93,7,188,15
164,8,2,126,106,11,84,105,43,174,34,19,99,283,203,153,287,266,127,66,125,176,179,7,15,26,234,143,163,239,297,292,69,40,61,12,9,214,167,116,181,104,141,132,269
243,214,210,293,42,201,119,294,207,284,213,88,249,33,258,205
38,294,76,187,222,4,219,34,249,276,214,67,226,139,278,176,41,213,158,33,118,180,291,243,235,167,179,284,129,51,46,200,220,110,120,181,177,156,202,14,87,290,141,281,72,109,98,147,228,143,155,71,184,62,17,89,275,289,254,92,79,78,106,266,107,150,210,250,7,16,271,154,164,193,91,57,153,162,194,209,212,83,149,81,255,236,229,105,115,239,192,240,178,157,86,27,146,267,70,130,114,268,195,241,56,160,257,15,189,133,242,94,199,43,224,272,161,88,60,127,198,108,262,173,204,113,95,96,216,285,296,97,93,191,232,53,39,1,225,300,134,37,69,40,218,75,49,273,174,11,18,163,186,182,9,286,196,131,152,282,20,297,22,168,244,23,124,66,148,100,77,208,256,247,85,136,171,21,117,151,144,74,231,6,221,84,116,207,90,201,269,123,234,138,25,248,64,237
203,17,84,156,102,243,127,179,228,75,52,263,11,86,223,199,249,95,272,287,254,129,217,198,222,280,133,26,47,181,78,65,125,207,257,81,56,234,140,295,19,231,253,260,44,170,37,69,166,1,23,70,163,76,285,61,158,104,298,98,66,299,138,169,108,174,35,41,255,145,94,7,189,6,186,146,160,57
94,180,198,244,79,245,234,107,71,62,257,273,56,281,219,195,148,262,286,72,40,60,226,153,89,17,99,209,31,63,34,167,149,260,76,110,70,278,199,109,51,69,174,298,91,238,175,187,111,204,147,84,135,27,120,272,88,137,131,29,33,170,182,104,165,25,68,236,290,205,242,8,73,105,118,192,12,35,233,263,152,197,39,183,161,190,18,231,113,172,203,7,282,220,200,128,191,188,82,123,45,121,5,132,275,243,48,284,129,217,173,150,210,256,83,276,185,206,93,49,10,42,253,55,54,142,248,296,16,221,103,166,87,267,57,108,297,61,250,81,193,194,178,32,78,247,130,4,207,122,269,101,24,268,92,294,23,266,154,139
182,32,218,149,191,43,158,51,70,244,63,54,121,99,168,4,221,215,100,230,185,107,233,74,73,239,153,140,264,180,219,122,10,195,212,278,68,94,251,130,179,81,162,273,296,203,19,66,298,261,245,208,186,265,260,287,58,178,136,181,90,141,88,288,22,268,144,50,82,39,188,257,175,18,270,103,96,292,202,161,235,129,280,16,150,204,274,30,47,282,119,170,231,193,65,143,135,72,184,23,154,237,276,113,269,255,206,98,217,300,240,111,26,40,92,226,155,157,173,183,146,127,176,172
212,250,170,163,224,140,124,127,266,219,280,273,27,41,46,256,162,90,189,76,6,210,18,242,268,202,110,78,95,54,179,192,104,84,130,234,249,267,285,94,199,88,247,287,157,15,208,183,60,70,194,204,31,236,198,49,108,92,4,28,71,81,89,289,142,86,77,42,217,238,143,109,171,175,40,139,174,13,85,165,228,123,52,59,38,254,294,172,245,7,178,97,288,196,23,98,64,5,144,120,29,159,61,261,290,262,149,193,2,180,87,99,296,248,121,279,12,282,187,190,20,205,119,297,283,167,293,128,155,281,216,271,292,153,164,160,223,286,105,80,237,226,24,148,246,188,118,57,220,35,154,122,43,229,284,100,277,79,258,115,168,69,300,221,138,230,214,200,106,253,265,151,276,133,48,152,244,207,158,21,53,132,126,299,117,272,75,19,9,125,166
183,116,185,117,2,212,121,299,207,107,170,167,83,163,190,271,252,152,177,149,180,255,44,24,99,97,213,95,184,19,65,73,27,208,229,134,42,291,59,287,30,186,219,248,214,80,4,275,246,100,53,209,126,26,244,85,9,69,269,168,52,158,240,286,200,236,106,188,296,254,128,298,139,199,292,231,260,242,15,198,191,284,127,223,119,132,211,173,21,104,279,23,74,226,66,38,187,203,285,297,182,250,174,157,154,210,62,71,82,280,263,257,68,273,148,243,84,89,56,61,130,70,113,129,76,1,20,206,43,12,145,41,178,3,37,258,225,31,122,293,194,281,137,10,60,202,189,28,109,300,235,181,125,165,6,278,277,72,171,262,58,81,114,123,175,216,266,48,247,64,11,67,230,75,259,221,228,241,147,261,57,227,283,51,237,29,115,143,40,63,215,288,197,87,131,47,7,204,222,294,196,33,8
254,92,299,297,148,262,242,257,202,179,201,2,174,19,140,270,50,286,26,16,49,145,274,101,24,293,46,233,229,34,259,97,79,207,13,33,64,164,143,27,90,68,11,237,116,298,205,120,159,269,60,194,76,133,31,77,52,186,223,141,57,78,48,266,243,165,258,198,296,142,280,182,289,180,166,230,248,204
112,95,208,239,83,300,225,221,220,97,107,232,65,272,103,9,147,63,120,181,258,142,293,273,51,47,230,285,129,145,6,168,131,34,15,262,32,292,189,60,286,132,184,288,144,33,255,85,151,243,35,224,251,37,75,250,59,170,78,72,118,192,240,194,69,209,148,80,282,177,191,36,190,1,287,252,215,233,86,121,264,235,183,29,4,265,134,114,242,253,174,156,196,254,210,257,249,79,113,271,93,125,68,172,87,31,248,152,216
247,223,20,268,284,30,205,15,176,101,19,57,95,299,178,214,62,120,220,234,265,287,53,14,216,106,121,67,187,130,97,18,227,66,119,290,137,180,29,156,71,46,141,293,267,242,80,155,271,26,124,167,93,65,179,298,44,23,140,35,87,102,142,183,127,175,221,54,139,210,104,98,230,147,37,1,81,108,199,113,126,168,153,109,240,253,218,149,40,286,116,115,208,39,145,282,59,279,96,152,125,294,250,177,111,269,194,280,131,162,47,186,110,182,239,193,143,237,51,135,129,10,144,3,266,114,138,211,181,212,133,228,201,254,52,32,61,292,170,276,88,245,184,252,159,259,69,260,68,204,91,203,273,262,248,249,285,225,49,188,275,21,107,163,17,209,43,190,70,232,231,261,161,4,233,195,164,64,274,33,92,191,151,11,16,83,128,291,89,117,264
68,61,274,41,6,103,88,160,127,187,283,51,284,245,237,91,244,164,25,251,204,144,255,27,46,211,185,277,273,184,36,5,299,193,143,171,170,226,172,48,140,256,64,228,135,162,76,108,66,32,40,131,263,150,113,198,114,104,19,31,24,249,186,22,37,175,67,165,81,117,122,132,23,119,190,83,270,218,246,266,74,134,100,265,297,45,217,262,242,163,275,223,28,259,15,3,101,116,12,125,92,139,288,174,49,34,70,206,212
59,280,97,299,78,133,221,170,80,99,138,277,20,182,144,193,148,213,232,281,114,51,164,275,176,21,96,24,224,54,88,245,210,129,47,203,257,71,90,236,171,196,264,284,179,242,153,250,289,286,158,222,225,226,192,161,57,172,15,146,113,58,62,298,209,61,95,240,253,188,26,92,22,75,27,127,111,270,247,265,295,183,42,175,235,255,206,134,163,123,216,93,174,60,256,63,85,252,136,44,89,115,79,234,177,34,185,104,220,214,169,145,122,11,3,19,239,48,194,195,211,64,121,7,17,82,279,260,278,131,180,31,38,212,118,65,268,243,205,300,202,73,147,156,140,16,294,285,105,218,68,101,233,200,274,67,204,41,2,198,258,81,150,151,159,5,162,207,141,86,6,187,291,35,9,230,69,228,149,40,87,208,46,152,254,259,110,143,29,128,190,168,130,112,119,49,39,238,109,290,293,76,23,181,4,116,199,157,219,241,132
284,190,268,149,71,118,120,139,290,85,34,115,10,269,126,51,189,299,161,40,155,159,205,33,18,242,176,108,255,75,196,88,168,49,72,217,254,141,187,256,288,289,124,234,113,78,138,102,216,220,235,231,7,84,259,180,47,44,144,265,132,174,90,275,246,272,281,9,80,89,105,79,26,95,109,188,15,252,31,125,87,45,107,276,237,153,137,273,128,59
80,59,235,174,131,218,29,73,141,216,182,7,239,276,222,92,205,161,260,85,66,162,69,245,83,137,212,283,21,158,20,67,125,126,184,261,150,214,190,178,4,171,273,254,163,294,112,233,180,297,197,142,211,14,291,258,8,135,263,200,27,202,231,208,227,30,144,249
158,254,23,21,287,159,1,22,193,93,39,141,285,15,129,61,78,197,180,235,293,173,19,238,122,276,52,155,115,214,291,188,164,100,273,36,75,88,184,191,272,130,117,189,45,230,14,216,232,25,125,91,66,274,162,222,33,286,76,92,190,271,255,110,223,250,172,30,104,140,95,198,35,114,280,109,284,147,256,267,228,236,116,8,83,244,166,47,5,126,86,58,206
162,45,15,224,89,285,168,76,148,21,214,248,235,234,92,231,128,19,82,182,252,99,226,32,244,173,109,141,136,65,47,223,38,269,291,194,222,237,126,104,62
28,34,270,162,5,245,292,142,78,199,132,179,226,205,23,66,112,75,74,146,275,222,45,173,232,155,231,126,273,4,44,141,246,3,216,208,51,36,62,10,281,180,202,72,251,140,274,177,77,91,71,165,158,39,12,196,228,93,230,32,27,102,100,145,55,213,250,151,178,98,122,25,168,48,297,70,195,242,21,136,164,167,108,73,282,156,31,7,272,99,123,283,13,58,206,263,269,69,107,94,159,149,54,57,110,285,130,16,15,11,152,115,38,212
218,277,268,248,24,190,181,228,73,175,189,20,161,38,89,98,50,22,272,249,21,295,172,13,244,252,178,83,36,285,216,222,85,171,160,271,294,297,194,49,291,60,90,70,183,37,254,154,251,262,149,275,130,203,229,74,234,7,215,28,170,261,3,15,269,238,47,185,288,109,91,31,25,43,206,231,210,296,144,286,180,186,75,211,86,140,65,57,220,82,133,79,62,117,107,14,12,241,77,129,114,135,177,292,256,134,35,143,146,111,299,298,33,176,264,247,283,260,5,245,136,119,221,81,95,123,124,159,23,88,122,266,246,44,208,257,184,196,39,32,151,56,45,59,169,164,112,17,41,279,219,212,207,120,48,72,224,103,198
198,77,84,187,275,98,110,112,49,22,171,204,42,203,24,260,50,294,157,228,21,200,113,185,215,223,182,44,156,125,8,276,290,2,36,121,26,165,199,80,206,271,89,131,239,195,181,155,19,282,33,150,23,164,174,56,262,207,127,17,190,166,104,177,88,286,66,167,46,221,222,201,43,18,25,114,37,236,54,45,172,277,1,120,254,220,90,253,250,40,296,10,58,95,59,288,14,103,60,249,168,93,300,226
17,46,39,237,82,171,261,294,216,159,195,192,167,87,121,93,31,117,4,10,79,256,214,243,204,109,218,141,5,200,289,238,295,267,272,213,257
141,78,152,128,6,79,225,198,172,155,264,229,162,10,41,126,124,84,256,208,139,140,212,243,110,96,292,160,93,65,13,75,4,137,85,122,221,280,281,279,109,246,66,114,136,165,233,181,9,28,71,25,31,44,120,89,252,294,268,34,7,60
41,271,238,202,54,294,79,111,21,145,250,78,234,219,140,96,284,13,69,46,47,212,8,285,44,137,188,169,270,180,268,139,39,126,210,200,233,280,49,33,283,55,138,109,143,10,110,119
209,271,12,277,90,96,95,58,42,81,203,123,199,226,76,213,237,54,84,229,257,251,210,108,103,253,14,77,18,113,170,221,225,295,207,269,227,26,230,125,285,196,219,114,220,172,121,201,248,131,291,25,283,68,241,246,98,85,180,145,175,290,46,132,250,105,249,110,232,94,100,86,146,297,282,195,64,67,194,3,112,242,261,75,234,176,23,19,102,143,164,11,59,272,17,208,188,266,117,160,83,202,211,40,60,111,88,44,142,233,137,185,87,190,186,184,50,79,53,73,286,28,189,119,300,49,43,270,147,52
75,106,59,216,207,100,252,187,210,90,150,299,200,270,37,117,211,203,71,180,48,81,298,170,294,191,246,297,111,201,116,43,167,52,134,115,95,79,139,112,168,34,229,83,169,122,40,179,233,238,161,123,67,124,263,162,126,82,120,164,31,132,178,239,44,292,248,243,219,267,50,46,262,255,258,21,192,145,89,188,176,60,135,295,25,22,20,98,165,92,222,51,205,296,154,232,87,171,274,114,223,209
189,17,289,183,170,208,124,248,116,147,168,7,176,90,154,125,193,78,9,32,104,38,237,249,270,227,66,277,268,253,280,255,178,100,36,63,222,265,197,254,129,158,278,200,264,1,72,40,29,128,162,13,292,41,252,230,165,225,212,62,240,136,37,243,132,205,228,126,235,246,148,217,61,80,113,195,89,236,156,25,117,262,82,59,247,97,203,48,184,115,51,194,123,152,299,137,215,140,250,131,234,190,49,55,161,204,52,119,185,56,295,145,42,81,94,65,44,239,106,272,144,174,33,153,245,209,220,86,293,109,127,99,300,39,202,18,285,191,188,70,266,291,68,149,267,284,111,294,108,150,6,163,83,5,46,73,71,180,10,164,214,181,101,105,175,95,84,134,281,271,258,256,186,135,122,276
243,146,48,235,231,109,85,257,44,294,12,234,221,93,122,130,3,198,6,197,106,127,217,266,104,189,68,269,255,170,64,190,75,134,67,101,103,181,99,2,295,267,228,98,210,40,74,95,38,145,202,209,138,41,233,229,227,91,178,43,205,128,142,218,222,175,157,25,90,102,165,147,263,30,11,278,53,113,219,69,58,42,57,121,277,264,87,114,179,4,271,246,211,191,168,79,252,230,120,284,108,66,55,265,193,247,1,72,292,199,177,201,71,34,18,275,9,215,214,259,174,200,136,115,7,262,97,300,54,139,185,126,274,244,293,156,94,183,141,224
229,286,118,171,94,245,22,275,274,23,127,244,175,4,300,216,282,116,30,247,207,59,126,87,113,205,181,200,278,208,285,28,66,273,178,225,100,45,17,18,135,251,95,267,236,256,210,16,298,261,209,140,108,77,190,14,246,149,20,141,8,33,104
254,246,248,193,33,176,8,135,65,199,282,18,119,58,21,133,245,292,167,129,284,171,215,102,158,210,272,235,104,71,258,140,174,11,165,228,6,164,220,41,160,177,217,275,86,181,296,66,257,128,153,100,190,5,201,244,107,184,35,247,39,145,53,47,211,222,142,27,226,156,17,159,259,75,264,172,109,221,300,261,209,146,294,116,78,299,10,230,192,123,186,125,16,61,131,120,157,72,89,137,136,99,79,26,194,276,195,56,189,163,207,239,204,85,161,76,97,83,240,290,42,218,57,203,73,286,25,173,155,84,277,114,87,178,179,227,205,69,144,20,82,24,223,48,213,252,139,15,80,55,19,36,198,92,130,30,59,110,112,94,40,127,22,265,111,151,81,101,95,208,283,50,295,32,232,206,212,253,242,54,62,126,219,74,262,68,255,289,268,77,29,285,28,269
44,224,71,226,13,228,257,151,118,50,276,144,40,222,171,190,196,27,52,175,176,95,207,292,283,230,138,47,123,24,120,38,179,117,203,46,245,2,75,169,84,267,270,104,249,59,231,243,41,170,240,219,153,264,91,300,74,26,129,143,273,64,197,200,122,188,164,11,163,154,209,280,18,121,97,111,57,35,150,19,198,186,145,8,78,182,141,215,165,92,101,131,229,288,3,195,246,63,31,161,172,4,43,126,237,82,146,269,204,36,156,9,189,16,227,55,23,174
9,279,57,220,197,202,105,244,86,119,140,225,288,4,175,256,250,283,76,232,284,257,240,85,37,101,96,129,50,144,127,290,137,233,166,104,229,203,107,52,147,21,174,133,110,196,280,13,23,30,43,139,208,102,27,18,11,263,25,33,111,204,87,299,113,136,12,149,125,78,286,162,246,160,198,231,261,176,186,193,72,258,73,75,172,135,121,124,53,159,236,214,103,112,22,83,81,65,177,62,71,54,158,243,95,222,122,252,185,70,49,219,234,206,230,97,209,91,59,294,142,268,267,60,145
79,207,116,74,101,290,15,23,226,179,171,130,182,295,275,71,265,105,95,99,80,235,138,120,121,286,189,78,272,102,257,58,221,208,197,77,291,87,277,187,44,108,193,170,28,270,186,247,274,198,214,126,29,167,231,88,131,268,176,9,54,154,7,145,284,178,53,185,40,16,25,69,84,175,22,26,258,112,201,209,279,177,97,211,34,57,239,296,110,45,144,212,68,215,237,263,223,230,19,100,294,281,82,260,17,240,136,106,47,183,292,140,162,27,72
17,262,220,132,257,6,82,219,180,227,77,95,188,253,267,175,278,127,264,268,108,248,13,72,156,244,152,242,116,37,150,236,258,228,148,81,189,272,40,65,46,25,50,76,27,213,200,154,198,274,58,93,140,64,90,286,240,178,104,212,292,195,171,186,183,51,97,43,215,16,62,291,15,204,11,223,211,53,94,199,193,96,162,87,280,68,61,191,122,88,117,250,238,161,5,176,98,111,270,196,288,149,218,252,60,172,173,23,55,207,141,83,197,28,52,233,30,263,133,47,166,216,145,284,137,205,147,165,185,289,131,296,271,2,105,126,225,109,279,174,134,158,59,135,125,210,73,36,170,201,299,118,221,85,14,246,155,120,226,110,21,192,260,290,164,119,49,57,217,32,214,41,38,71,48,107,282,163,169,142,273,1,69,123,249,130,35,182,3,202,31,276,18,194,128,80,9,208,294,243,269,20,144,44,56,206,295,74
87,36,238,134,26,278,98,222,12,39,247,33,270,144,287,245,255,261,286,37,114,204,110,212,259,15,3,121,210,234,251,284,273,279,68,137,231,206,168,85,233,107,264,48,187,135,188,179,128,202,136,181,25,228,195,17,148,208,151,157,155,18,61,31,40,77,236,2,14,281,93,71,152,275,214,70,185,105,133,252,293,265,203,56,170,51,246,230,282,235,120,190,224,158,35,239,99,295,7,268
157,244,220,171,133,231,35,142,24,138,293,95,188,135,52,77,144,167,185,275,98,19,210
58,30,236,191,38,284,15,175,70,268,129,281,95,226,93,32,65,219,177,17,163,46,278,212,296,8,43,261,142,64,249,104,146,213,72,234,246,133,192,287,11,221,272,126,90,271,185,69,71,138,148,22,201,139,167,157,87,207,158,102,12,298,257,143,241,295,18,181,49,128,44,156,39,117,121,1,186,13,277,5,203,259,99,285,300,36,174,178,107,7,239,235,197,57,82,159,149,238,254,152,74,206,171,19,252,162,68,250,251,35,193,77,214,131,63,231,258,28,216,205,51,217,122,210,20,227,86,168,161,243,223,195,125,103,264,253,120,256,41,48,274,199,269,3,111,89,59,293,299,16,290,54,101,23,184,160,225,240,245,73,81,29,166,173,179,262,255,276,115,247,9,170,137,25,76,141,215,275,14,273,136,218,26,260,92,127,196,279,183,79,244,155,182,150,100,94,263,108,294,6,282,204,292,286,55,78,297,135,60,283,24,266,21,265,96,53,209,172
237,247,22,182,128,71,147,193,167,294,159,270,263,4,100,231,11,112,109,122,298,63,282,54,179,295,280,170,8,206,222,45,15,276,23,174,143,36,241,248,223,114,225,238,21,39,117,183,285,188,283,273,169,201,127,106,234,155,198,1,279,9,153,278,290,240,299,10,53,144,125,68,189,82,87,116,172,55,101,62,192,146,41,300,164,252,90,150,81,89,260,158,131,149,32,113,118,50,219,18,297,236,6,242,137
