94,198,92,81,90,204,260,139,112,152,166,84,134,165,177,174,105
149,14,91,206,92,168,61,148,27,144,195,138,70,294,246,170,141,245,185,21,69,176,79,256,15,248,188,197,65,227,22,244,189,132,37,247,96,117,167,81,271,76,26,253,54,95,71,151,56,228,293,252,82,215,288,296,251,105,60,28,68,276,166,93,286,7,136,74,240,193,88,261,87,116,94,133,255,4,123,164,277,232,219,262,186,78,285,23,270,207,298
300,230
274,163,203,45,149,154,239,96,264,8,100,105,194,250,206,77,48,132,78,286,299,21,234,171,109,67,42,32,210,92,291,202,156,200,188,176,139,22,72,276,199,140,271,189,214,289,131,229,38,211,88,133,212,287,186,54,192,81,70,84,213,134,61,217,66,193,33,253,59,19,152,178,230,292,6,175,39,161,143,87,35,285,236,125,69,148,233,27,23,221,238,104,36,268,2,113,145,17,120,155,162,187,297,115,40,128,31,142,266,259,241,118,98,179,246,157,5,295,227,153,209
210,137,132,77,256,13,238,215,194,212,7,118,112,61,291,36,73,279,38,179,166,217,275,62,293,180,69,300,243,257,280,177,277,64,214,117,49,142,1,213,224,60,2,286,24,92,274,46,150,148,115,88,163,48,54,165,223,52,63,254,225,68,219,265,282,33,164,53,237,188,182,4,123,183,190,230,216,93,299,222,90,204,294,185,98,139,245,16,199,108,211,297,17,109,284,220,229,175,207,6,89,21,58,205,276,42,172,14,124,29,37
75,239,279,5,180,154,129,4,71,112,166,12,285,146,238,216,108,183,299,288,63,290,243,135,276,181,169,253,90,150,138,99,61,113,95,152,167,191,52,293,93,203,117,85,273,275,102,187,209,205,94,43,190,196,259,62,79,262,37,244,185,25,194,45,69
114,11,268,201,99,28,159,75,20,101,204,65,67,284,105,209,180,243,257,146,162,251,235,92,72,93,18,41,169,125,56,193,185,294,147,112,24,54,94,246,46,69,149,167,279,264,107,269,191,52,51,274,278,228,123,132,4,270,64,289,254,12,280,111,27,86,198,267,189,163
58,64,108,98,134,297,109,6,95,99,234,193,119,153,141,197,45,206,218,251,167,198,273,78,253,8,150,118,56,250,24,164,143,86,33,110,191,200,49,19,211,231,38,261,182,20,75,201,128,269,156,188,272,106,105,90,214,290,160,54,115,292,291,36,60,281,57,283,181,170,267,88,151,154,232,63,184,187,126,178,114,2,204,12,223,157,279,236,203,117,262,270,136
7,263,9,127,233,142,217,6
266,98,3,1,37,177,115,52,91,40,183,283,59,108,204,135,126,138,63,191,86,161,74,165,217,242,36,215,120,155,6,130,60,273,248,112,300,257,31,261,274,249,173,146,292,129,54,89,234,69,127,275,70,245,28,280,223,61,157,42,246,43,198,284,206,221,55,82,153,57,7,97,147,85,131,240,24,184,200,96,199,143,151,102,172,194,139,265,119,39,205,160,299,164,270,140,166,34,279,150,18,208,231,201,252,49,142,123,81,207,92,73,282,267,26,228,17,291,271,111,12,84,136,296,48,66,175,188,141,16,109,193,116,105
86,125,199,227,155,288,261,11
287,14,277,57,59,114,143,246,33,252,269,83,53,171,27,211,28,129,209,60,1,243,169,92,261,258,196,152,149,159,215,226,36,150,96,208,204,228,250,37,224,8,195,15
63,278,74,285,142,151,300,22,274,107,140,238,198,40,170,208,257,3,286,173,157
149,251,102,33,131,57,100,157,185,112,275,164,17,114,155,220,153,95,249,178,70,151,5,226,140,26,108,255,208,83,237,38,198,47,181,184,258,34,232,203,81,234,298,1,270,144,211,288,121,93,299,264,297,125,209,212,123,24,98,204,228,280,62,118,295,21,169,294,51,192,250,130,88,91,133,107,162,200,14,145,171,216,193,78,87,138,115,37,272,109,13,291,25,94,233,61,50,154,28,9,69,166,139,113,214,147,190,254,269,202,210,129,163,263,66
89,213,31,286,214,167,54,203,239,180,119,161,237,101,266,176,236,256,163,278,188,18,65,150,169,111,168,104,155,106,40
244,209,277,96,128,144,20,32,204,77,248,10,149,29,227,215,81,79,293,240,38,12,141,70,25,98,218,193,208,170,121,242,14,234,18,207,264,39,28,54,220,279,176,47,103,67,123,55,122,107,205,260,202,15,59,61,194,56,22,49,191,226,299,65,9,43,105,138,42,135,261,275,4,189,289,131,19,33,294,100,36,158,159,157,93,90,145,184,211,179,75,146,106,31,239,266,276,280,241,214,183,286,271,91,213,30,274,17,222,201,119,228,7,116,217,298,237,236,92,95,71
270,131,157,68,11,165,147,236,217,216,134,78,57,110,253,56,140,91,245,232,163,196,21,7,60,143,155,136
30,294,188,44,94,279,257,11,106,193
231,189,138,123,46,165,68,49,110,127,94,271,91,177,7,126,16,107,4,292,42,104,13,290,12,194,178,281,9,150,14,232,54,90,220,200,198,274,98,64,11,120,185,115,146,156,190,199,242,81,136,83,43,195,142,2,102,186,245,237,31,296,167,241,86,24,28,26,187
66,254,81,89,140,277,74,154,105,279,227,34,168,246,135,17,207,215,124,1,173,287,65,214,9,131,262,258,133,278,107,296,170,270,243,50,159,178,117,71,217,177,45,200,64,128,257,172,260,83,202,273
138,117,9,73,152,289,193,131,11,21,24,297,150,135,19,108,64,287,244,121,283,97,57,118,41,49,85,265,137,225,190,232,123,107,250,69,88,47,249,34,221,8,99,277,182,91,220,144,215,102,285,75,257,205,28,132,295,145,186,104,264,204,214,157,230,16,156,284,94,174,213,87,203
104,290,92,160,22,27,101,222,142,52,69,185,136,113,115,30,83,216,96,3
184,122,268,258,238,225,47,300,167,53,161,33,60,87,54,227,3,154,156,173,170,17,228,9,73,24,243,179,171,209,165,168,146,253,233,279,248,44,150,52,236,65,194,79,182,285,266,299,291,126,255,272,143,281,189,57,21,61,134,169,262,240,120,104,296,72,117,174,123,215,205,99,94,108,172,37,201,223,218,89,78,163,48,31,203,185,219,221,200,41,11,141,4,249,202
155,244,173,262,32,220,177,198,48,144,111,124,23,226,109,24,136,152,225,289,100,5,81,286,93,266,184,101,224,195,281,222,163,9,218,255,175,107,179,42,199,1,68,141,151,131,161,125,18,113,66,189,296,250,49,233,169,203,246,96,158,62,159,202,128,277,116,295,50,139,102,168,94,185,138,106,263,211,196,103
296,125,37,108,250,220,178,29,206,228,4,18,118,83,132,90,69,209,201,177,7,5,122,211,78,71,271,50,256,12,86,3,158,273,281,171,92,212,231,217,265,106,93,141,31,288,146,129,290,215,243,205,81,280,156,292,295,115,107,101,82,179,277,152,165,62,87,130,174,19,238,278,159,284,120,54
218,231,34,190,168,256,83,70,150,223,225,148,210,241,235,259,136,221,8,41,84,25,121,281,258,272,7,246,77,61,5,214,105,293,89,115,154,4,113,280,287,76,294,142,31,291,66,26,2,288,102,12,192,229,292,126
14,49,92,141,125,208,128,267,58,108,25,64,9,172,34,75,150,110,135,109,174,149,191,99,27,72,48,286,21,130,121,188,168,61,226,262,185,138,136,162,7,90,107,238,74,44,204,277,104,287,222,175,264,210,289,23,218,268,15,147,271,95,261,18,282,173,73,270,203,129,6,84,158,51,53,215,80,212,161,119,159,263,199,59,299,55,54,169,223,179,98,131,76,293,296,20,1,142,207,79,52,243,269,89,11,67,133,45,176,60,166,2,200,94,281,88,217,65,228,227,30,252,143,177,178,42,288,26,43,68,63,82,219
158,135,293,115,297,123,269,280,141,258,249,128,163,3,20,242,255,9,240,221,66,267,137,212,79,77,152,296,83,17,47
32,159,24,55,195,14,300,138,157,285,21,280,164
212,34,32,76,9,150,233,247,203,234,168,69,123,170,20,182,52,179,98,159,1,300,88,217,151,54,38,218,67,270,160,171,136,27,29,195,178,3,283,49,24,110,72,26,277,143,284,297,267,268,105,235,231,175,74,62,216,44,92,258,5,122,202,81,299,219,248,135,228,13,261,142,56,95,96,157,103,45,172,232,263,226,119,291,16,241,144,60,22,86,147,276,70,215,89,40,240,87,126,94,165,289,214,118,6,77,162,239,290,164,250,46,25,194,281,296,242,205,80,47,58,115,275,33,190,59,141
136,223,228,67,144,30,298,133,16,186,290,112,138,237,198,137,220,14,74,90,166,284,95,241,173,68,64,169,193,239,196,214,217,131,75,5,159,206,178,280,118,7,195,230,22,300,17,296,18,291,92,255,226,154,285,185,270,104,120,264,110,172,200,139,72,248,147,256,181,102,145,294,225,52,77,216,54,51,37,249,60,150,91,122,163,158,202,254,20,6,53,45,13,87,215,46,71,105,247,287,153,109,42,189,227,79,238,235,11,35,192,277,242,259,84,1,93,41,224,194
127,193,212,42,215,161,184,227,41,225,256,142,162,159,151,192,37,238,154,288,110,204,31,287,28,280,36,221,188,45,101,201,265,19,119,102,243,50,209,268,216,200,202,25,290,134,197,163,17,33,241,164,108,149,297,205,40,218,46,255,54,228,168,61,214,90,81,30,223,239,23,191,248,249,95,117,76,35,113,281,229,29,198,105,67,39,155,293,6,299,153,89,259,267,274,226,66,196,279,44
209,297,275,177,140,299,23,231,101
269,42,82,150,90,145,147,88,151,1,160,166,182,62,107,194,81,275,87,67,113,256,96,64,117,279,234,278,4,177,271,116,174,286,246,257,92,58,178,287,265,108,198,134,170,99,235,154,214,35,30,132,70,93,45,165,149,229
194,172,65,68,274,284
153,110,163,215,2,26,36,145,17,161,267,225,112,6,260,138,54,222,124,178,40,181,244,277,129,102,30,211,13,171,176,86,118,44,167,11,108,192,41,139,1,184,201,67,217,75,255,119,237,148,94,126,123,89,188,249,258,228,164,7,243,51,230,158,142,65,55,294,72,34,263,179,253,134
240,174,180,140,89,37,278,219,273,269,27,230,163,209,6,22,112,287,277,17,198,59,257,202,231,32,168,195,50,38,48,226,193,28,284,57,216,152,169,268,138,97,246,236,121,223,147,61,118,207,30,206,185,85,270,255
29,188,273,260,75,95,288,21,91,201,44,227,110,19,124,114,196,97,248,165,79,156,88,84,14,115,164,48,205,94,80,89,285,250,259,158,113,281,121,123,131,187,289,67,83,163,137,130,219,63,206,140,168,25,223,194,36,138,54,290,76,292,267,195,181,177,263,105,13,298
85,160,239,149,159,45,4,186,144,65,232,163,294,203,52,41,251,283,207,15,223,140
68,234,160,70,226,99,262,265,103,107,5,289,185,49,148,179,86,209,272,187,199,175,195,164,55,138,236,140,65,84,54,189,215,45,273,87,4,263,66,82,63,242,277,177,134,166,287,18,278,36,28,43,184,71,174,190,218,243,130,213,196,282,192,251,8,22,165,102,90,200,77,48,299,80,126,169,252,233,147,94,116,111,228,27,295,122,241,167,238,283,288,281,221,231,106,83,285,214,92,222,37,51,297,180,101,26,161,39,35,173,3,151,76,183,268,260,216,60,159,191,142,154,193,237,208,261,255
233,43,258,248,111,139,144,143,85,181,27,195,116,1,273,196,65,185,261,113,26,92,174,126,114,193,12,136,152,249,201,153,115,250,22,272,170,76,188,101,125,244,78,131,215,42,294,80,220,121,16,295,4,10,9,192,124,230,61,81,288,67,246,142,132,73,47,145,37,166,71,274
70,232,143,192,102,105,109,201,272,111,276,283,30,233,183,94,158,92,87,154,251,261,263,51,226,244,129,25,117,300,84,126,155,9,86,78,256,170,58,262,118,142,219,83,91,206,220,112,195,291,217,147
132,281,218,247,28,67,141,134,105,41,227,32,261,87,206,139,142,161,184,175,114,164,63,22,288,123,119,260,46,89,118,211,129,195,73,168,296,71,207,131,29,169,64,78,151,262,191,286,228,283,183,148,145,144,8,77,52,263,299,50
192,182,81,286,180,125,147,25,43,67,75,51,168,55,138,183,52,172,4,5,45,299,66,96,8,206,117,231,54,276,197,221,297,116,207,208,82,214,106,185,164,31,179,120,204,59,181,281,13,217,6,236,234,250,149,232
150,180,144,290,152,209,21,157,173,185,85,228,65,262,121,113,11,83,250,295,261,116,213,270,129,175,247,210,260,237,131,238,13,177,44,73,18,208,77,227,204,165,183,115,22,229,263,221,234,132,256,6,241,191,130,40
262,24,276,94,226,8,223,20,177,298,119,216,99,270,143,236,195,62,297,215,86,184,259,278,134,78,264,178,256,230,49,243,82,173,166,4,140,198,129,283,286,110,1,157,37,293,132,266,128,16,170,185,247,255,261,224,43,69,136,103,288,93,250,192,105,292,295,19,189,202,139,81,87,142,102,294,219,285
62,140,163,293,170,107
195,35,87,178,48,42,141,296,113,273,16,17,78,161,282,93,82,223,115,96,136,86,33,32,147,152,236,99,94,243,85,7,90,246,249,100,224,155,10,68,64,228,20,127,278,270,56,297,165,204,276,39,189,219,217,49,44,137,45,112,71,54,22,230,46,8,239,269,300,211,25,254,175,170,151,116,13,53,164,163,169,52,284,259,29,51,271,6,21,159,229,177,241,248,30,272,197,109
185,19,57
276,30,122,128,195,236,29,188,230,31,77,290,182,249,23,35,288,199,210,205,130,218,268,107,192,33,2,4,67,214,121,59,55,49,226,25,7,111,148,183,187,294,96,223,170,12,179,46,88,151,6,79,227,10,38,204,133
163,110,18,194,254,100,143,161,69,292,137,164,233
77,249,237,29,50,206,240,202,44,118,273,128,66,138,8,236,19,294,96,2,7,154,279,107,12,214,228,27,41,51,229,184,147,284,124,42,73,114,204,189,63,193,65,295,125,175,123,39,256,10,191,11,173,212,122,200,197,245,34,195,243,30,72,201,282,18,134,223,160,152,85,28,98,13,218,268,151,59,104,140,209,205,157,38,126,255,9,105
113,120,146,54,226,202,145,266,124,219,49,295,243,104,132,281,116,216,179,43,130,249,154,232
246,209,91,32,95,23,38,105,99,195,175,266,168,126,211,197,247,291,273,11,172,81,234,29,60,181,51,241,94,188,127,225,184,68,69,289,140,226,6,267,254,298,8,219,26,72,252,190,146,180,177,248,88,156,238,287,186,205,107,170,296,17,111,131,9,242,158,85,36,262,295,137,102,135,73,216,97,90,203,77,155,101,108,229,204,151,47,28,5,179,260,299,79,42,185,84,178,285,281,275,74,122,231,80,143,2,33,110,70,258,261,41
161,77,231,68,153,178,27,265,79,184,272,207,277,242,83,44,226,55,89,103,213,159,257
253,198,247,243
212,67,245,128,85,81,255,98,211,32,4,2,159,173,55,135,217,198,51,91,284,34,244,300,218,288,253,122,286,25,224,148,79,114,133,263,186,295,53,119,96,236,157,24,139,273,294,69,188,19,225,99,193,37,136,80,101,190,27,266,66,57,145,83,268,200,271,3,207,116,141,180,155,40,95,296
173,200,167,186,161,124,227,247,220,129,17,120,155,202,54,281,269,151,10,289,176,255,131,177,105,223,210,38,187,39,260,267,149,239,190,132,16,145,184,14,89,122,102,233,13,264,123,130,137,165,62,36,183,299,268,43,108,147,100
222,3,274,216,229,156,249,125,240,107,241,49,140,149,67,15,219,132,129,284,36,256,299,224,214,16,40,198,77,253,258,122,9,146,137,191,279,244,202,259,281,187,165,58,235,282,209,139,234,33,182,54,66,121,210,268,293,283,237,169,269,84,170,103,176,86,255,47,26,64,260,133,25,138,167,91,6,152,112,37,180,232,82,118,92,278,174,22,93,238,231,220,19,215,290,105,59,218,168,300,78,267,69,164,53,102,161,265,88,201,81,142,56,221,243,204,288,24,296,111,166,184,52,34,247,101,1,228
246,76,227,75,108,137,40,24,65,179,94,97,243,267,124,203,285,63,251,110,59,160,220,150,112,136,252,234,177,51,291,11,270,125,107,268,87,284,231,205,295,218,258,174,191,139,144,117,43,4,165,280,216
26,287,268,191,245,23,205,99,286,288,48,228,68,159,263,295,163,47,248,57,177,72,297,19,53,1,69,180,292,120,10,254,62,271,101,258,151,125,56,249,51,71,112,194,273,147,181,20,270,27,285,5,152,96,210,243,38,277,290,148,216,276,85,167,264,86,29,226,193,155,138,221,15,169,113,207,266,162,280,293,81,66,195,237,67,124,204,284,299,157,230,127,170,281,196,197,154,253,74,259,131,54,7,227,232,89,217,257,231,278,137,300,173,44,289,55,209,94,117,2,158,28,73,229,12,59,200,218,212
286,150,13,179,142,251,258,2,24,263,201,147,280,26,178,122,296,127,104,21,282,6,125,110,32,156,222,19,63,171,257,198,187,131,200,162,159,300,288,108,183,195,237,76,55,190,42,143,105,174,269,59,292,95,244,261,298,48,81,93,281,211,253,172,219,262,124,85,92,139,193,99,18,71,140,182,27,103,80,132,154,128,115,4,206,202,70,17,196,175,188,102,252,161,31,116,58,66,272,7,151,155,96,119,135,276,83,221,98,23,3,239,167,285,52,184,177,170,129,77,56,223,267,173,169,194,214,208,294,242,273,191,46
298,192,117,170,12,116,242,34,270,62,286,279,168,289,139,36,253,105,210,55,264,147,8,290,297,150,66,160,206,144,219,130,228,217,17,287,35,269,67,14,204,276,37,140,273,39,283,101,48,63,29,149,154,194,137,77,277,33,76,281,285,24,165,227,196,255,163,107,294,57,295,232,18,32,288,299,258,134,274,231
227,246,25,77,135,172,53,78,197,64,86,168,99,66,218,261,60,51,173,225,6,278,139,103,5,23,104,18,131,155,185,279,81,11,229,280,70,88,221,291,69,9,259,93,294,110,184,163,113,20,58,16,267,273,274,238,203,143,212,43,76,80,13,67,128,92,142,214,224,46,288,253,52,147,47,239,26,63,284,256,222,219,39,182,116,159,28,161,90,281,231,299,114,72,247,137,250,183,186,115,89,199,101,48,230,166,207,34,146,141,248,94,217,234,124,208,123,205,45,164,118,160,245,162,223,36,170,282
116,133,232,212,88,185,208,283,56,166,281,138,288,246,52,60,173,164,182,49,262,265,241,135,99,205,71,156,271,9,125,92,275,293,46,176,264,51,233,256,278,6,91,201,143,110,300,268,231,108,19,196,228,183,18,14,32,280,146,81,34,257,211,128,113,36,177,190,136,68,291,4,62,5,79,227,29,38,230,270,98,218,214,245,120,82,16,253,279,64,85,26,202,96,89,152,250,188,106,224,1,75,139,42
50,245,7,250,65,225,284,174,203,73,189,37,191,94,129,112,57,151,16,18,205,188,66,61,107,286,210,211,9,31,79,164,82,209,295,251,166,236,171,175,184,271,96,116,187,192,289,267,233
64,283,56,78,29,158,28,143
31,159,178,261,196,213,20,37,156,108,216,289,129,48,203,92,79,236,247,66,99,168,223,22,3,181,1,238,263,230,298,256,258,184,175,84,232,234,75,237,268,87,13,270,120,194,117
115,227,296,178,36,278,13,238,297,218,162,159,39,91,289,11,199,211,194,14,229,269,156,110,129,28,226,209,157,181,177,243,2,44,102,27,54,174,74,251,285,5,163,45,268,122,23,141,146,208,99,144,109,167,108,175,104,19,228,119,62,10,232,37,80,291,58,255,190,9,257,38,20,270,164,282,55,123,117,182,42,298,49,300,253
44,224,193,186,115,202,101,67,300,22,175,93,31,10,96,180,273,135,105,90,254,112,50,213
9,108,174,16,278,157,148,195,176,296,76,25,155,220,132,203,145,109,127,69,17,119,39,14,229,265,202,249,224,214,77,232,166,98,208,215,107,164,96,282,242,185,151,263,298,122,38,245,78,266,165,105,45,299,46,130,47
183,39,121,157,65,130,259,251,145,261,82,264,220,226,262,162,158,216,255,91,30,277,299,187,94,240
169,194,280,132,1,27,215,102,97,175,229,138,15,220,41,237,109,16,44,28,19,30,120,246,51,105,136,183,293,170,227,13,6,165,90
50,95,247,210,19,204,251,272,132,58,146,216,255
52,143,141,33,180,237,1,39,278,250,6,204,181,119,262,152,90,244,89,97,108,270,268,9,76,153,224,218,165,208,95,46,31,82,113,173,112,104,193,228,242,176,174,235,285,216,91,171,223,132,158,194,159,100,61,40,78,109,260,211,241,186,277,96,41,279,238,271,288,105,239,291,189,172,58,17,110,188,2,161,210,75,125,266,286,203,184,66,191,248,166,220,187,295,225,233,16,219,93,289,200,134,20,26,229,101,116,156,280,182,293,190,137,24,247,201,179,257,263,129,162,214,21,149,131,11,98,77,29,232,275,264
198,212,243,219,63,209,188,135,231,210,149,122,139,23,201,109,134,59,71,38,151,5,171,82,138,141,65,29,66,217,142,36,251,3,222,152,195,33,291,100,252,111,208,245,279,300,45,268,281,285,147,180,176,159,88,221,258,294,242,121,256,246,272,189,4,52,257,200
275,118,32,257,26,39,280,184,180,188,136,79,128,9,130,13,295,244,166,114,235,63,179,266,141,300,218,262,289,174,23,66,86,208,190,170,183,146,147,56,61,294,178,281,35,287,95,253,227,149,110,164,34,42,283,21,100,41,221,76,92,282,291,117,185,288,108,297,7,264,260,242,267,205,6,131,133,251,274,125,299,105,19,219,243,89,158,1,98,111
117,253,138,39,106,290,295,174,259,3,126,52,102,200,51,269,103,29,255,234,258,293,47,264,257,268,294,271,71,15,217,281,188,299,36,97,244,95,14,148,251,297,49,116,189,82,157,112,263,81,172,101,195,226,237,175,198,267,127,118,86,256,205,191,88,61,76,17,73,236,300,160,192,114,125,233,182,287,219,72,32,74,66,65,231,222,33
40,59,236,221,133,194,228,45,296,187,94,256,109,112,260,122,172,203,292,90,190,128,242,41,163,215,166,212,287,227,93,279,55,255,164,79,52,17,58,64,132,6,300,179,135,110,46,241,207,103,264,225,62,291,33,280,8,295,237,232,285,155,150
86,73,149,184,160,26,168,46,241,282,39,159,171,108,137,272,268,246,232,263,23,31,120,121,33,90,127,214,275,91,44,247,13,122,99,25,190,179,32,148,210,271,281,132,256,295,89,75,102,4,136,105,68,187,24,231,207,242,196,167,245,135,10,62,40,81,276,63,43,262,154,34,213,123,186,273,217,261,257,15,51,269,166,192,153,175,87,145,77,53,177,284,230,161,223,169,199,185,174,1,162,178,293,291,274,294,285,158
