230,233,31,235,7,278,234,297,5,286,154,169,219,104,34,119,80,86,202,77,242,17,40,298,13,252,207,165,72,81,163,155,75,135,275,253,74,21,124,280,6,220,68,178,38,52,45,160,273,144,289,269,246,82,1,94,152,143,53,296
241,49,286,145,280,85,212,19,137,134,191,298,243,270,231,189,268,143,136,132,219,86,87,140,133,183,9,210,146,103,38,102,168,108,159,287,129,22,73,67,78,39,30,91,288,2,23,240,292,51,228,149,45,227,65,72,160,220,120,62,196,41,76,215,211,43,94,96,53,21,239,224,150,222,250,92,37,152,273,139,223,161,236
177,23,34,183,247,211,289,144,87,35,203,184,253,61,165
263,84,202,201,188,258,230,5,184,113,128,43,57,165,240,254,70,111,152,288,107,293,147,76,193,264,88,187,190,79,162,71,253,96,192,68,172,215,279,131,11,214,284,112,20,80,50,53,39,209,241,8,274,203,168,119,83,59,272,75,195,145,45,92,16,153,283,52,7,291,247,189,148,275,29,22,143,292,196,42,161,213,101,134,174,182,251,197,191,105
85,237,159,92,123,178,5,39,31,56,197,83,119,192,103,266,248,66,243,193,294,23,125,3,234,170,43,278,295,181,41,112,33,231,28,169,260,180,134,107,73,300,268,49,88,183,165,109,220,72,287,68,127,126,53,242,25,299,78,279,246,205,145,276,222,280,65,113,158,215,195,15,6,232,284
109,122,266,188,218,238,253,232,105,220,69,74,197,145,76,250,214,174,111,261,137,205,194,171,27,132,193,200,184,235,84,8,146,203,88,233,87,140,63,54,98,254,256,148,243,21,289,129,199
78,142,158,230,284,59,15,296,203,293,235,295,288,169,155,54,190,197,196,18,194,183,243,265,26,145,141,298,217,276,98,91,2,118,128,1
201,45,6,284,173,137,101,166,146,10,75,53,268,217,96,199,104,102,148,230,22,16,43,49,225,243,135,30,247,52
54,287,174,157,164,102,238,284,98,104,208,45,30,144,33,16,292,276,162,163,15,63,118,190,74,6,117,125,116,288,212,167,64,261,59,280,134,188,14,38,95,197,3,239,194,298,200,120,41,44,186,248,265,145,228,214,215,42,114,149,122,165,271,183,56,127,206,109,80,236,258,10,72,291,132,143,281,273,299
163,207,230,293,168,248,237,150,292,43,287,154,24,295,52,97,25,104,65,268,201,111,89,57,16,7,250,119,117,134,72,31,226,215,156,88,34,32,194,68,114,212,127,272,77,263,159,36,195
227,92,39,221,217,248,278,266,170,184,163,147,234,230,130,296,134,114,185,250,259,194,210,14,58,71,122,47,281,51,169,144,256,23,109,293,171,237,36,12,85,84,65,116,199,268,155,292,294,290,89,102,19,52,148,78
167,257,265,160,282,11
14,98,191,299,295,165,60,116,34,119,137,145,117,228,178,200,259,192,226,179,240,134,136,227,140,189,185,72,45,244,77,102,164,183,300,100,5,246,115,68,85,148,128,149,261,153,230,97,156,210,166,193,51,21,155,71,88,279,213,263,133,159,180,286,219,157,80,292,18,20,93,245,248,291,168,94,141,264,32,278,58,78,120,39,38,112,176
282,162,19,273,219,12,9,68,186,51,123,83,269,119,182,250,30,96,157,17,252,65,36,294,100,138,259,236,172,110,241,81,66,293,106,125,6,63,131,80,166,270,221
283,16,292,138,180,213,128,9,220,191,244,81,99,253,100,277,141,172,21,211,42,97,257,108,260,58,127,68,236,250,66,238,8,181,224,18,282,133,69,146,249,30,89,169,170,175,206,281,179,5,44,116,62,270,230,155,52,163,56,246,13,45,48,217,60,93,50,287,147,90,125,239,96,23,202,6,295,113,274,10,232,2,118,114,210,221,47,153,149,1,198,111,54
230,205,166,214,176,138,8,24,164,157,120,70,156
28,272,29,50,102,57,249,245,18,208,230,145,186,144,286,32,200,74,36,52,211,137,182,113,172,266,228,9,170,262,169,130,195,242,27,173,189,283,146,239,11,46,240,218,139,156
67,178,242,25,155,240,218,86,106,91,182,211,153,194,49,2,82,290,11,164,280,109,180,34,289,244,249,35,191,255,81,71,32,48,137,138,266,205,75,279,281,237,268,19
249,8,225,3,260,250,291,150,94,33,257,120,86,127,112,292,239,295,50,21,65,188,60,170,89,167,126,220,99,106,121,90,39,15,224,2,17,230,56,135,282,293,146,168,103,256,226,143,88,278,6,164,258,223,14,42,162,200,165,243,128,51,97,160,115,151,265,237,244,196,184,82,84,141,270,251,179,110
159,270,249,257,54,53,108,298,202,65,299,203,273,147,86,180,211,7,277,74,189,17,217,76,126,220,210,242,260,30,107,194,160,164,11,255,178,234
102,8,215,225,277,145,35,94,297,278,121,40,207,218,245,234,46,182,293,78,36,151,61,290,249,43,256,126,71,219,118,205,174,93,168,29,146,31,144,157,291,1,68,77,114,69,140,95,112
203,198,133,114,208,177,120,96,111,170,104,113,274,214
94,248,89,232,231,247,174,35,284,134,239,167,101,62,185,78,155,261,209,291,158,17,12,218,267,242,273,25,255,147,10,102,64,176,70,90,125,152,206,202
90,138,64,131,22,158,251,28,59,37,154,40,50,274,256,268,10,284,46,250,139,249,104,183,69,259,248,223,18,232,53,252,197,174,148,185,170
276,295,57,194,187,127,32,124,182,77,226,138,193,9,50,244,155,156,125,290,36,238,53,28,64,5,230,44,250,94
137,51,217,13,248,284,145,100,77,99,219,148,133,276,298,38,151,229,194,216,244,88,183,94,60,255,267,96,186,275,268,152,294,189,5,129,104,111,121,239,274,90,31,14,158,120,288,113,287,196,3,147,130,297,236,95,203,20,223
186,274,191,171,76,254,226,54,207,77,292,62,242,225,272,113,175,283,115,7,105,69,187,45,244,31,168,155,201,125,14,135,39,15,74,157,94,159,68,195,282,138,190,263,280,276,262,213,78,205,127,145,104,243,37,271,108,222,112,257,247,269,281,20,249,194,273,79,161,152
185,235,160,144,171,192,177,111,85,154,104,86,21,55,4,234,46,2,181,23,115,210,261,284,215,206,188,280,285,289,254,175,230,6,143,233,255,217,79,121,44,226,75,116,119,260,209,269,141,22
115,50,163,21,239,220,200,92,186,28,33,174,40,122,219,244,221,291,264,135,193,110,113,153,91,278,41,223,236,170,77,32,234,15,271,132,38,212,42,89,139,215,148,101,209,95,85,288,35,272,90,265,266,66,245,25,277,141,296,70,103,133,249,197,240,232,299,273,233,154
61,215,37,190,130,204,213,278,292,76,80,27,248,30,33,92,197,101,265,269,31,251,119,14,156,111,62,145,53,54,210,180,165,193,175,109,50,16,283,221,4,44,181,106,139,191,280,60,12,20,94,281,192,228,209,28,179,36,261,149,131,241,264,240,153,171,136,67,257,150,187,8,112,17,1,189,231,56
181,193,192,145,262,115,295,179,22,165,37,191,176,50,250,105,122,164,224,31,282,58,227,229,162,81,251,296,180,244,268,213,149,80,77,156,16,97,263,124,293,139
109,260,86,216,80,7,279,79,91,123,249,291,148,276,59,292,40,15,54,268,71,41,205,53,213,262,139,181,132,169,203,105,234,89,129,93,67,176,121,61,22,5,174,261,137,13,147,8,167
190,140,296,29,10,150,87,208,160,35,64,4,242,146,156,66,12,300,122,154,23,32,222,187,48,90,240,25,52,82,73,204,284,105,34,6
105,66,3,282,24,46,165,228,78,32,220,131
132,271,83,170,142,223,199,106,182,71,253,130,246,240,125,56,76,47,17,128,10,273,269,87,30,129,234,85,236,152,195,287,242,220,177,117,163,11,227,183,205,14,12,6,147,62,166,143
277,5,247,13,166,85,42,136,56,150,179,118,19,153,204,80,272,206,276,15,158,63,297,246,227,111,17,190,278,275,131,267,181,265,199,75,271,234,25,23,281
207,276,238,191,91,287,218,149,220,2,212,1,244,136,297,18,127,41,187,221,107,143,237,150,210,265,285,264,299,10,153,247,56,132,156,128,86,223,12,271,117,180,192,256,23,289,141,181,112,5,129,177,147,176,248,249,219,75,122,159,158,266,195,27,274,234,288,281,172,89,144,235,175,152,78,9,197,66,42,254,194,246,239,17,270,260,229,45,228
197,215
24,288,140,224,20,133,270,117,63,156,192,73,210,166,200,221,168,230,113,72,167,212,137,245,105,60,104,29,223,249,240,289,246,163,119,77,286,157,190,116,266,218,196,284,93,243,217,66,114,37,209,101,234,182,205,139,255,201,128,277,194,273,144,169,257,278
229,22,65,194,225,38,53,269,227,94,273,32,14,181,152,92,188,296,259,158,211,275,287,88,39,3,242,191,147,142,120,202,176,41,173,263,118,205,180,4,63,297,159,101,115,149,68,148,241,278,48,293,111,203,213,23,13,223,89,238,218,95,110,272,137,52,284,251,168,57,75,166,286,207,21,12,154,182,29,298,198,190,260,226,58,90,91,72,26,196,179,172,117,262
175,111,96,24,79,64,266,241,130,110,74,269,21,158,246,282,145,46,245,29,94,256,44,108,134,224,287,283,52,99,161,285,45,218,226,250,249,69,174,19,91,137,124,196,38,225,47,194,86,177,206,243,233,35,77,39,191,204,221,33,251,214,248,120,67,57,265,143,84,263,48,157,286,277,61,59,98,101,281,34,242,113,195,95,200,291,72,122,284,41,3,13,85,6,18,17,278,25,271,114,176,299,192,56,201,290,173
169,19,251,228,156,134,164,224,45,6,258,246,83,167,269,107,140,160,231,148,16,265,106,105,189,116,176,205,181,275,276,300,131,97,7,32,157
160,152,30,89,201,74,290,164,271,229,106,3,270,293,187,240,276,287,251,78,227,115,18,77,107,203,162,269,211,299,52,15
213,290,131,138,221,137,127,204,173,250,151,25,52,55,46,215,276,288,118,252,42,210,59,124,231,205,84,253,97,156,128,274,11,193,49,99,130,197,162,222,58,293,218,8,223,217,216,79,82
118,1,179,241,199,225,196,279,180,15,244,125,92,120,265,151,177,5,233,260,133,203,76,66,248,38,191,119,4,245,160,239,32,137,67,142,263,222,80,81,163,28,145,208,122,195,243,84,94,47,53,268,51,206,96,238,194,278,219,111,11,175,267,41,220,56,170,78,283,57,93,82,116,124,37,141,214,143,150,127
50,272,221,113,75,114,117,130,49,171,287,13,198,129,242,62,36,74,204,153,264,61,81,37,14,267,3,63,245,70,240,96,278,174,15,178,231,179,7,54,266,77,121,48,172,213,28,291,5,233,249,20,223,10,157,224,238,134,92,283,116,119,288,229,255,88,163,145,57,298,164,152,31,239,289,142,244,106,182
228,169,165,236,218,140,123,124,251,62,187,234,282,107,189,138,173,242,117,156,198,147,285,210,115,88,44,51,20,45,113,16,23,116,215,102,248,226,171,13,275,277,59,2,281,96,279,78,99,166,109,76,232,274,111,89,94,262,299,257,55,170,223,49,110,42,54
204,19,263,163,219
26,72,83,152,181,137,258,238,231
276,161,72,43,216,24,296,125,191,279,52,129,260,293,139,84,200,4,178,116,147,10,103,113,114,267,34,107,14,157,180,128,17,23,257,231,206,156
206,222,8,30,198,172,253,214,254,156,161,27,284,38,19,207,201,67,269,114,64,218,25,92
225,80,180,162,243,133,100,24,260,140,280,16,34,68,135,214,149,78,153,187,92,268,256,10,45,278,189,207,15,212,291,91,57,112,267,41,120,239,124,174,26,70,145,31,173,103,222,167,247,220,242,296
8,92,281,1,267,286,88,60,3,293,269,245,131,121,217,53,74,155,56,26,115,51,246,70,188,179,49,187,96,185,172,213,176,113,215,120,86,30,288,82,2,16,233,13,72,45,136,156,182,137,28,160,299,41,7,175,152,296,103,195,262,291,227,151,218,202,18,209,170,36
202,300,212,89,46,147,104,91,98,216,36,78,74,292
47,255,270,111,213,286,152,64,283,189,235,26,163,60,254,290,249,84,117,219,187,30,48,73,77,124,89,119,268,71,131,134,17,133,260,156,28,300,120,192,127,20,293,22,165,39,237,65,94,157,178,155,195,273,169,102,100,225,67,44,224,184,149,154,95,215,31,262,78,10,98,56,45,14,181,246,128,109,151,271,291,143,280,101,226,150,212
8,226,48,35,155,61,90,282,186,22,17,68,157,121,145,52,277,66,31,49,82,270,175,268,151,143,217,45,86,164,194,118,198,47,46,290,115,197,11,230,55,276,278,208,235,93,57,213,102,4,84,101,299,29,42,288,271,283,209,126,122,172,77,123,243,98,144,169,105,67
198,20,150,184,122,275,133,183,187,161,245,178,202,229,125,284,97,107,227,185,79,6,95,90,207,199,63,83,226,271,103,136,55,132,60,256,42
119,5,254,219,225,256,295,36,113,284,21,11,43,194,118,146,98,184,252,259,28,148,52,299,292,223,271,243,155,161
178,189,247,238,33,122,300,27,31,26,233,292,175,251,110,74,209,129,185,79,103,255,267,266,297,124,272,150,174,10,40,119,257,101,191,262,270,194,39,275,147,114,126,34,116,212,28,113,235,220,265,16,245,140,236
294,246,8,282,156,279,18,198,228,79,102,192,145,134,112,137,142,223,177,33,247,44,27,206,63,154,22,66,34,95,218,221,207,126,82,100,277,90,276,261,219,273,204,92,103,194,120,227,166,89,191,199,165,255,11,237,116,42,1
85,268,30,234,186,293,66,154,25,113,198,135,256,91,127,242,223,253,41,151,213,147,110,299,105,185,126,146,31,288,285,18,229,241,194,36,34,203,111,56,162,100,238,140,38,115,236,82,1,271,42,8,230,176,32,294,7,263,114,13,134,163,123,300,81,212,272
111,55,78,284,285,271,85,241,194,48
255,274,32,42,111,30,70,219,267,297,99,231,286,228,206,210,230,133,17,37,185,244,65,118,64,203,220,218,148,45,175
31,142,74,289,181,165,66,131,87,140,179,98,110,216,187,99,92,176,97,130,120,259,125,50,101,286,197,220,235,166,201,186,53,293,139,199,149,79,161,8,136,170
212,169,59,28,77,133,91,204,174,19,265,16,90,36,60,173,143,23,166,83,4,47,300,53,56,158,272,37,159,8,11,74,92,131,17,12,22,263,251,252,122,296,190,270
226,199,139,125,214,218,248,38,274,265,75,197,114,96,156,288,259,8,299,170,86,134,258,70,121,240,109,132,115,184,247,131,90,88,222,206,273,120,87,217,23,189,229,263,11,227,18,27,270,32,151,74,101
272,50,175,113,224,38,137,262,236,235,67,20,142,266,102,9,283,167,43,300,72,92,114,82,97,91,63,144,208,151,65,243,55,13,285,98,293,213,223,62
13,72,161,184,239,29,207,269,288,195,124,169,209,99,223,222,115,242,96,274,85,81,271,66,175,70,238,253,162,211,159,157,136,226,80,281,3,232,146,264,76,224,228
276,54,119,103,60,262,274,25,202,168,204,6,35,80,179,177,3,105,253,186,196,57,130,223,297,171,145,50,47,5,52,238,233,211,176,241,113,115,225,10,242,218,248,147,104,118,1,153,231,71,53,30,101,140,214,96,110,294,111,290,116,91,88,215,44,261,117,243,120,271,58,124,56,79,300,128,45,4,141,29,106,134,55,87,185,142,217,278,275
83,172,136,212,152,256,168,222,209,36,80,258,113,213,144,247,251,71,290,197,170,84,299,18,3,254,207,116,119,252,57
242,149,78,167,174,108,165,280,56,106,182,267,122,239,264,300,54,86,217,199,103,85,92,87,114,294,212,90,29,266,262,233,245,3,192,70,83,157,142,39,178,181,36,147,53,191,220
219,174,293,209,202,191,8,176,144,80,242,121,94,238,299,140,116,27,4,150,248,67,77,262,160,126,123,12,46,292,152,204,129,298,10,55,100,163,198,246,206,157,47,102,235,283,208,256,149,9,192,189,62,21,173,151,95,57,81,269,183,249,185,119,137,54,288,297,220,113,289,267
205,287,198,64,126,102,148,214,271,263,111,63,109,239,218,36,20,247,22,32,232,84,245,187,78,66,179,96,255,105,86,120,230,174,35,112,81,100,291,260,138,258,60,113,142,211,12,41,37,124,53,10,58,75,2,233,73,50,140,299,294,252,27,92,154,85,131,51,224,163,235,90,146,282,279,265,139,293,243,177,8,119
22,290,289,83,182,257,295,115,4,178,92,137,1,49,28,268,227,89,252,156,266,62,60,101,57,229,102,79,70,184,125,16,116,118,213,54,261,264,179,71,45,58,287,214,33,96,145,267,34,222,24,215,8,147,63,258,25,65,41,12,265,269,52,27,76,78,64,134,141,111,199,196,132,203,120,189,185,108,66,223,21,31,207,254,127,205,95,209,200,98,103,59,5,274
250,103,178,200,166,161,51,143,233,44,246,5,13,243,281,224,172,106,29,248,276,89,174,129,93,21,66,226,236,110,12,1,35,244,91,265,298,60,183,299,53,49,77,197,196,97,194,271,278,36,25,290,14,86,120,201,257,152,300,208,4,98,73,28,179,118,168,214
212,203,69,259,279,240,59,166,120,137,122,98,192,268,282,37,40,77,243,297,267,264,276,165,114,286,237,104,27,49,144,96,94,4,93,107,13,161,209,53,247,141,238,157,117,8,108,46,216,126,150,225,99,183,168,291,84,45,133,207,160,230,274,146,17,73,253,139,6,97,191,47,299,289,143,134,208,66
213,193,273,7,138,257,104,79,78,117,95,253,214,28,27,76,228,242,49,133,169,246,32,112,137,132,160,271,65,53,118,6,1,276,11,229,43,157,164,48,285,20,12,262,16,247,17,42,291,120,145,240,173,189,282,188
24,42,111,127,50,250,294,187,216,275,39,3,20,264,278,295,273,292,26,10,253,146,138,267,23,291,255,249,246,222,251,160,193,43,118,149,101,195,35,121,68,47,242,45,233,283,290,98,90,75,293,261,169,74,48,80,280,265,122,27,65,67,271,131,167,112,225,69,88,115,114,72,158,9,173,181,152,73,97,84,8,119,212,11,19,277,141,171
245,264,259,164,122,242,82,160,68,265,8,87,31,200,25,251,101,197,207,132,218,16,97,41,234,168,49,238,7,98,21,237
61,18,284,257,175,31,236,178,222,291,22,249,125,130,207,256,84,241,91,127,49,279,184,208,268,115,71,59,292,298,66,213,283,41,193,267,140,21,202,205,38,83,73,198,156,8,295,227,289,149,231,96,229,280,135,128,30,164,132,35,155,226,260,88,52,6,214,99,122,274,247,238,118,85,109,40,173,276,219,187,145,183,131,288,95,174,147,250,116,212,237,245,172,242,64,253,196,282,7,264,163,121,111,270
272,178,119,75,126,205,159,100,109,120,6,56,277
23,244,156,233,89,84,28,174,185,275,68,4,93,111,30,22,161,162,45,124,221,63,232,97,142,74,32,155,173,70,248,299,257,47,175,14,118,127,273,247,109,15,291,239,44,59,266,276,149,80,35,143,157,151,76,16,144,60,91,281,189,46,251
187,119,4,243,20,133,92,124,292,131,179,130,98,48,83,140,105,222,151,64,24,115,297,290,300,148,143,256,135,79,43,121,227,194,19,75,208,162,157,293,236,152,176,71,226,54,77
106,255,151,300,111,233
256,248,266,170,125,138,255,225,3,274,50,116,294,36,186,58,237,117,82,165,91,120,214,47,227,229,275,26,88,203,265,49,187,239,43,105,271,184,13,245,270,76,85,55,168,30,220,66,231,252,250,293,226,183,102,219,191,100,299,155,176,6,73,54,298,234,193,39,215,192,269,210
299,262,87,128,236,289,170,114,192,245,233,149,64,272,145,10,283,173,260,164,67,211,135,70,242,282,109,224,118,270,284,131,244,266,263,25,276,72,19,76,150,80,139,188,86,27,271,182,191,13,68,50,91,180,59,281,300,138,120,23,82,47,169,252,125,108,147,218,98,31,286,54,46,142,152,100,291,292,175,171,151,285,101,293,7,28,71,44,206,205,288,174,90,295,134
47,118,126,6,49,250,211,176,147,257,163,11,207,108
215,262,113,178,98,147,277,259,13,86,120,57,269,149,298,184,11,60,90,59,125,22,83,52,230,167,6,132,150,108,197,80,95,165,290,168,143,20,72,201,163,253,112,14,260,37,226,2,287,117,239,32,266,236,35,18,294,241,8,220,41,131,26,91,152,123,256,235,12,42,209,210,89,181,219,73,206,242,96,175,47,124,145,43,65,111,183,100,229,77,64,114,216,190,203,232,84,211,70,249,69,141,233
11,32,256,220,30,125,26,95,9,107,197,119,84,15,79,129,27,21,94,3,257,52,58,75,69,138,37,264,60,177,248,45,280,186,76,109,195,170,246,182,46,237,1,185,148,285,19,265,245,82,176,225,140,271,92,70,209,192,67,164,229,298
86,130,91,140,28,258,82
