144,26,158,13,427,256,268,271,450,32,243,474,448,162,59,337,449,281,133,327,174,459,399,303,6,53,289
305,224,195,59
431,425,409,406,26,35,453,95,362,257,214,90,358,347,234,113,371,395,340,94,500,258,27,100,22
100,278,269,294,188,337,477,25,111,64,419,400,152,181,168,394,68
166,331,419,13,373,436,482,374,243,440,435,467,36,104,323,178,388,315,269,401,302,499,443,26,309,29,220,391,316,420
340,173,185,23
422,61,274,330,239,256,195,416,240,285,398,272,470,57,253,440,206,175,388,70,110,455,417,203,219
32,79,294,105,489,288,190,125,189,163,41,434,456,374,416,216,182,492,475,486,215,353,186,17,22
400,276,281,87,460,52,182,170,4,136,78,311,418,488,234,487,280,53,66,392,382,217,306,188,343,177
382,88,404,157,396,413,337,278,322,491,107,48,454,393,174,350
211,497,83,314,209,55,187,76,322,253,120,3,212,304,356,459,424,26,17,491,5,478,463,148,104,443,342,20,240,434,195,31,61,403,445,365,194,266,259,325,244,37,469,193,477,62,341,415
226,495,352,484,305,330,121,387,100,153,118,155,231,47,111,173,262,4,494,257,105,355
147,20,17
136,301,315,343,40,77,463,263,6,286,98,250,232,439,273,370,44,496,283,218,271,484,27,2,229,385,41,68,297,128,222,81
49,350,148,416,92,210,403,117,406,136,191,135,346,439,480,208,26,61,333,154,152,134
121,266,298,11,272,406,351,212,382,23,139,273,264,154,342,54,191,18,133,113,98,240,62,34,224,481,97,498,403
388,278,79,193,375,298,232,44,208,140,171,415,485,373,183,200,327,229,104,8,126,310,177,349,87,223,77,330,242,387,412,76,379,273,313,283,405,211,360,443,332,226,451,411
443,496,391,159,40,110,312,101,195,218,442,490,321,187,59,183,284,38
21,151,413,176,235,161,344,45,107,93,452,212,360,479,280,359,358,177,104,376,430,255,356,79,394,367,136
31,418,452,204,70,182,347,135,32,302,10,147,129,349,137,234,284
56,212,208,257,491,262,369,269,146,75,343,84,22,457,218,275,490,237,498,405,272,446,251,488,161,282,466,402,353,156,169,474,108,202,21,267,48,433,120,437,140,461,67,81,40
365,87,190,16,390,227,108,162,314,394,412,71,124,276,392,153,25,421,479,268,236,130,244,34,98,428,139,382,35,107,285,488,32,218,270
429,51,143,396,376,331,119,58,383,88,394,250,433,287,459,399,328
155,115,81,359,417,26,166,412,298,227,460,44,173,364,273,230,294,151,372,302,435,58,257,301,242,466,453,69,14,270,461,430,434,235,45,404,357,117,174,238,361,172
391,3,2,61,250,194,266,59,14,408,310,337,47,269,477,130,122,66,60,464,232,227,27,34,251,237,344,25,377,20,215,294,229,376,329,489,383
382,411,251,184,194,94,368,186,181,20,152,158,143,234,300,126,392,5,274,404,356,222,206
315,312,7,332,306,384,337,353,8,222,437,163,422,309,375,104,261,241,468,389,113,172,344,235,96
343,420,27
230,368,136,147,243,113,478,118,469,124,304,314
199,391,281,147,263,380,288,333,295,243,258,394
79,271,161,314,471,484,290,490,107,92,22,27,220
249,409,123,266,305
264,251,9,104,498,172,79,160,222,3,97,190,150,345,294,254,69,182,267,343,325,413,403,421,457,332,45,127,173,310,259,41,375,348
192,304,10,454,483,408,129,73,429,121,396,253,424,295,419,164,53,137,263,72,312,286,370,447,377,455,170,323,351,15,111,431,77,318,83,467,472,24,368,398,337,194,432,236,423
136,10,440,274,217,436,357,319,367,467,166,130,398,237,26,305,404,470,313,107,155
324,282,310,413,393,92,442,193
72,458,387,461,88,165,205,14,60,79,432,82,331,237,308,455,242,34,248,163,133,239,273,164,244,500,124,316,106,196,260,241,32,422,417,49,338,236,113,427,289,269,375,405,166,160
384,274,449,359,397,297,472,500,284,456,371,478,41,304,477,294,149,188,33,398,295,215,439,270,140,201,436
114,119,306,104,61,409,332,331,294,432,470,94,21,126,338,15,139
466,227,169,365,10,494,155,251,292,118,110,307,186,73,458,150,344,215,30,217,210,288,58,398,141,416,154,224,90,474,35,204,293,109,397,171,206,388,41,330,178,183
357,218,482,13,487,276,226,163,354,297,409,170,242,167,486,40,229,459,387,427,80,362,474,442,408,162,231
43,98,40,419,34,218,398,415,341,253,297,96,15,484,128,66,309,473,363
37,355,492,353,319,201,389,183,286,138,250,303,206,324,275,440,416
186,183,60,283,44,313,61,307,193,73,232,92,319,197,89,22,268,378,377,166,141,144,152,253,422,160,282,274,161,489
101,459,6,142,7,444,292,300,203,212,488,141,31,69,280,169,202,34,117,271,109,61,291,385,469,239,359,221,172,158,84,357,89,43,369,72,105,381,186,146,237
178,91,395,439,429,376,404,183,336,319,238,476,96,264,215,487,496,8,33,334,472,267,369,118,115,288,482,202,411,18,34,253,166,499,70,79,136,93,92,415,210,106,322,281,358,380,313,285,157
291,199,269
44,89,209,367,445,382,441,5,378,268,438,267,286,414,242,141,196,283,214,119,282
370,109,487,428,307,378,81,273,399,474,112,259,437,466,467,122,301,475,203,98,276,133,61,369,334,371
474,292,339,455,246,190,436,33,159,262,317,343,69,161,257,142,50,82,230,426,23,95,207,76,289,91,283,488
365,349,301,73,282,29,6,105,398,151,476,478,328,475,404,89,298,199,76,462,460,348,313,242,167,14,149,27,44,264,185,355,88,465,275,272,191,299,188,317
342,100,260,244,344,1,90,75,142,150,184
236,375,209,125,467
147,272,310,167,466,411,158,448,493,4,307,304,156,236,433,473,57,311,248,100,478,204,355,15,441,416,464,87,498,41,24,171,117,18,144,399,298,497,421,106,116
354,153,149,465,387,154,470,333,286,378
361,438,320,466,346,291,127,269,254
167,285,239,225,68,324,175,116,291,95,17,467,196,399,423,290,76,180,487,55,370,124,35,476,405,465,135,292,250,282,157,169,379,202,335,298,211,179,271,222,208,354,375,122,461,477,316,141
4,99,467,245,383,492,166,360,184,445,108,401,439,398,226,336,41,200,194,205,195,351,64,92,477,130,241,313,318,152,350,204,392,301,422,233,371,288,347,55,280,53,169,355,285,386,479,340,400,187
144,356,195,302,475,450,448
210,99,34,486,31,292,10,281,390,226,352,413,241,61,431,397,297,415,469,441,260
437,345,495,286,390,307,200,158,227,328,184,77,360,368,51,309,98,223,304,171,362
26,242,422
242,253,54,284,167
130,382,61,328,80,285,222
422,159,235,148,195,58,83,113,473,147,50,46,387,458,187,496,381,272,269,260,448,345,326,1,184,164,430,358,78,51,215,59,223,76,372,139,446,482,107,64,335,82,367
316,27,211,473,403,460,422,285,62,336,335,12,382,117,367,220,334,15,115,368,159,279,32,76,104,378,171,77,233,428,451,470,348,39,206,105,329,95,150,124,462,447,391,363,393,310,408,306,496,494
293,57,164,70,304,500,65,234
319,194,249,174,434,486,193,464,376,126,384,354,359,218,484,461,323,276,439,150,455,110,70,293,386,458,242,155,411,500,339,153,352,127,147,32,135,343,213,216,290,116,399
42,295,84,249,446,1,183,494,52,27,371,372,54,304,462,215,376,450,254,104,174,423,194,99,310,81,279,180,297,438,447,218,111,154,92,291,168,209,392,178,158,76,109,153,28,169
157,328,414,141,84,98,398,372,11,44,368,51,477
441,347,140,298,469,115,128,265,492,399,253,153,303,60,112,18,371,288,302,306,262,210,336,145,450,333
406,243,104,457,162,278,356,213,46,331,472,371,57,387,307,242,280,346,389,270,60,146,83,279,500,263,184,345,395,17,342,347,438,362,252,224,41,198,138,432,53,427,477,285,306,140,119,461
221,422,121,445,427,389,145,103,37,344,306,162,483,298,174,57,315,497,253,233
57,282,437,386,305,183,354,19,314
264,150,243,229,151,135,130,201,184,8,213,72,329,137,172,362,42,35,242,128
413,482,141,367,142,229,88,241,245,112,9,230,102,125,263,305,64,228,126,462,388,137,63,193,250,128,37
189,149,403,279,107,25,496,492,73,100,314,436,159,130,460,424,188,477,491,259,283,319,66,228,57
324,403,146,177,404,289,458,208,34,231,99,207,236,350,2,443,242,340,201,377,302,311,418,480,364,397,229,473,243,149,303,394,450,217,145,191,263,105,406,447,264,497,475,254,301,77,417
279,369,149,300,209,290,115,393,249,374,355,361,338,50,183,178,31,138,418,491,367,483,345,484,263,114,275,390,380,210,373,246
16,128,138,111,381,155,453,488,143,201,33,27,404,472
1,111,63,500
476,73,397,18,319,87,291,256,204,317,226,67,427,74,363,424,409,141,287,285,435,3,19,262,196
189,220,404,309,3,105,204,187,235,321,197,8,471,155,499,335,331,456,140,274,323,233,244,360,55,125,200,259,142,22,226,281,337
485,236,384,114,472,147,5,71,124,278,265,230,310,255,83,248,266,194,41,322,165,118,415,423,131,434,408,487,361,150,179,139,393,135,12,454,2,52,261,178
157,379,76,122,307,293,199,332,106,162,169,29,68,117,91,450,101,411,454,61,196,436,165,427,452,383,81,49,305,409,226,295,140,89,303,324,264,378,103,396,315,299,118,35
419,25,273,288,117,476,80,466,437,381,22,265,353,291,226,258,300,250,216,14,232,107,389,362,218,328,343,296,193,418,219,108,82,363,159,147,330,242,482,235,42,32
280,7,12,105,191,427,270,495,160,413,64,2,454,293,146,251,218,216,96,254,232,396,136,13,45,63,394,258,234,205
474,107
486,399,478,42,82
258,79,205,80,126
343,147,174,428,325,21,267,340,94,25,90,176,272,296,226,134,211,231,114,183,68,154,279,216,476,271,48,354,402,150,468,436,69,469,96,319,111,408,433,116,301,346,353,273,413,2,386
270,353,14,66,209,470,30,153,152,107,111,48,185,284,403,389,461,182,243,150,435,128,413,68,370,323,415,141,118,26
253,6,314,439,376,305,119,438,190,88,433,345,321,258,16,202,267,454,257,233,335,137,364,135,65,311,349,375,151,317,232,211,499,450,96,462,459,51,472,74,465,424,410
459,77,489,334,449,440,89,451,287,110,113,187,161,203,45,400,40,212,65,386,188,428,301,93,420,80,43,181,359,384,142,53,360,24
75,116,9,464,267,426,47,419,367,39,261,441
425,303,210,290,106,284,129,335,431,360,492,212,498,119,21,372,410,19,271,32,69,236,446,130,354,231,142,139,226,282,67,483,163,132,50,112,309,181,252,341,479,466,213,435,190,346,43,114
76,212,51,367,361,168,63,316,100,242,322,327,35,246,295,81,110,182,490,283,452,441,82,320,487,89,178,438
92,109,24,353,69,29,158,191,464,443,425,268,245,389,203,485,76,422,447,339,362,463,119,471,487,470,177,285
318,174,476,171,260,480,90,180,429,57,361,187,16,354,474,141,154,173,463,453,426,8,41,91,347,326,350,394,323,155,290,93,419,458,439,460,175,266,253,124
340,322,457,273,193,455,333,112,227
