168,405,371,203,474,163,18,449,392,73,396,411,437,139,296,143,458,88,406,414,162,325,84,328,295,321,353,38,397,431,82,125,119,100,440
308,465
355,57,323,322,295,146,143,376,463,183,262,363,170,259,40,402,407,458,497,172,134,305,388,350,54,396,260,33,317
75,294,241,369,302,19,77,363,211,146,240,139,108,423,112,380,283,57,355,180,65,239,148,115
211,37,416,130,459,73,351,94,440,314,59,93,444,58,171,283,281,424,173,234,76
242,395,451,421,154,51,410,131,422,71,66,174,210,211,277,81,352,280,133,435,232,96,362,234,130,423,279,379,455,359,199,147,141,56,278,208,35,54,378,84,134,299,102,388
396,242,248,173,449,379,80,41,5,250,20,412,376,388,496,342,160,414,25,36,395,465,174,158,480,294,213,60,289,38,345,150,287,499,282
436,101,105,245,213,18,104,270,128,313,233,197,396,147,207,499,263,15,135,108,217,488,102,151,133,338,457,498,429,357,321,433,468,256,284,220,403,140,4,179,219,360,494,342,196,309,51,439
456,27,281,410,264,56,58,196,308,129,166,322,174,32,495,389,259,240,48,214,244,275,452,339,114,142,404,263,491,53,432,391,28,36,255,55,194,299,185
242,342,357,24,165,78,200,44,451,173
