320,169,8,186,194,4,3,45,334,389,187,92,485,49
41,322,181,326
496,426,312,105,267,49,430,230,311,413,429,200,276,397,133,112,4,287,408,342,264,277,488,50,387,388,249,447,80,401,216,60,361,337,109,441,291,320,169,12,38,362,237,382
344,109,488,263,198,414,400,415,392,66,155,232,423,180,410,61,48,313,235,112,393,63,193,157,368,86,31,65,140,64,443,83,101,80,75,182,340,325,136,265,338,264,354,234,376,281
89,472,236,302,262,378,450,30,185,412,244,275,312,459,17,91,480,121,202,499,286,467,452,155,94,329,21,333,438,456,25,84,414,105,56,189,2
203,477,387,85,428,235,19,190,59,384,316,471,361,289,455,496,335,173,188,211,63
453,425,61,9,446,132,232,8,163,41,182,327
69,415,177,250,400,276,282,383,110
38,137,432,327,283,183,233,144,97,441,238,246,150,72,123,189,298,181
398,314,177,338,361,18,78,20,478,393,479,493,399,490,410,100,35,25,394,67,473,109,441,455,281
377,332,70,130,81,482,8,447,133
357,189,336,141,57,125,302,326,120,191,355,153,137,169,149,41,3,105,353,360,322,256
24,406,312,469,270,265,43,396,107,120,42,35,82,413,7,279,100,376,418,430,10,169,157,182,50,493,219,175,440,381,244,212,211,455,495,262,34
192,224,104,410,326,282,377,51,40,256,291,49,481,334,227,74,360,315,151
390,425,328,107,198,278,240,301,397,153,456,342,38,387
27,388,338,66,392,113,187,16,171,314,220,241,495,164,80,390,40,283,90,389,347,213,369
194,79,58,246,75,229,127,323,153,135,286,109,220,282,150,400,10,184,72
174,89,403,227,388,387,461,324,405,456,91
201,147,98,80,136,386,203,451,333,236,262,404,166,197
366,462,82,106,447,411,492,342,199,252,385,449,159,456,259,300,361,116,87,284,41,257,434,325,318,389,498,466,88,399,186,155,39,231,176,134,495,420,210,10,444,90,488,406,432,187,86,364,394
