276,289,391,95,314,481,9,490,431,18,50,389,494,288,75,112,54,144,404,23,306,445,473,335,205,409,52,88,11,385
457,185,269,27,67,285,305,139,315
153,230,60,225,157,399,2,471,491,423,462,414,434,424,27,439,377,39,86,26,37,355,29,459,367,249,445,261,210,106,111,21,313,481
403,199,151,386,289,102,267,200,321,337,195,107,155,252,490,486,203,470,237,278,32,465,449,262
88,54,388,432,14,384,243,249,20
460,47,50,444,99,486,461,479,262,271,137,113,247,372,48,208,96,315,289,343,157,197,310,497,17,431,61,41,499,437,396,165,338,424,85,229,66,387,316,182,2,133,35,63,140,407,339
192,384,285,89,370,216,388,335,224,110,99,392,447,351,59,332,213,263,157,416,14,414,45,259
373,133,116,293,18,304,246,32,274,182,380,436,11,472,154
284,207,146,332,452,483,206,288,110,390,329,153,345,360,194,386,217,375,150,175,429,498,94,117,427,471,19,128,336,89,302,186
438,302,115,67
292,74,282,323,79,86,398,410,385,438,76,186,218,327,343,188,221,365,4,201,330,90,384,497,346,140,126,20,176,263,481,486,463,234,393,367,147,237,149,47,357,111,62,49,260
125,192,323,301,240,419,103,239,64,280,93,203,337,18,285,214,40,96,4,158,196,385,116,57,264,69,28
299,139,205,92,388,101,293,57,239,458,32,469,188,210,4,88,28,236,234,142,313,310,305,202,108,126,267,187,221,228,253,177,497,74,134,204,277,320,115,419,296,442,414,398,252,362,158,386,216
499,267,209,40,220,451,117,269,298,312,3,315,348,497,480,483
205,410,457,58,438,252,31,187,109,196,448,140,334,142,311,244,468,394,75,437,20,495,14,29,178,88,470,73,285,359,209,422,206,45,254,149,486
254,283,153,497,114,282,445,358,242,176,142,318,255,474,432
71,444,430,64,400,241,492,202,368,463,254,126,471,211,399
368,192,374,413,167,439,442,323,124,265,387,174,346
93,229,249,448,247,54,417,24,302,241,320,57,143,351
449,135,10,299,477,28,319,341,38,261,6,80,359,72,404,1,5,213,371,321,454,102,194,387,339,423,274,34,99,7,473,218,33,172,259,357,263,286,334,350,455,180,289,173,288,238
120,20,312,441,490
258,212,404,55,376,156,339,85,165,458,352,295,117,98,215,259,119,116,189,34,432,365,127,322,181,455,294
126,382,168,255,404,343,149,354,128,210,222,453,283,373,49,426,37,298,199,189,48,370,50,58,260,451,472,86,130,341,293,143,372,87,314,489,321,374,11,12,42,95,218
465,50,58,474,490,4,298,311,122,71,109,222,62,212,178,250,447,51,151,388,457,40,303,117,256,452,215,89,262,407,57,426,149,132,70,14,361,83,362,230,338,308,91,394,16,37
379,43,370,321,248,229,433,231,465,115,259,290,315,476,419,95,218,461,90,106,57,483,208,164,436,233,16,170,19,377,336,482,166,140,4,426,227,152,354,442,447,82,149,268
97,182,217,377,230,100,154,122,497,173,88,288,423,3,405,94,101,466,76,285,205,462,312,485,460,458,375
56,318,50,13,359,86,317,60,205,201,122,489,33,256,198,291,374,117,401,215,11,46,393,129,22,176,40,161,460,484,406,378,325,236,10,247
184,21,473,200,476,253,499,484,156,85,19,459,413,374,211,9,7,373,224,451,251,235,238,428,330,351,142,204,264,147,266,12,387,196,233,164,390,333,494,419,38,180,71,182,477,347,241,306,32,349
212,64,134,163,365,355,401,473,289,206,290,328,59,41,294,251,237,150,321,144,350,31,7,464,336,479,238,6,255,129,156,476,493,391,84,97,308,46,478,162
11,97,161,381,252,77,243,162,318,405,101,122,306
223,268,235,221,200,352,216,234,176,259,297,291,51,211,60,417,435,62,79,328,182,135,178
247,122,32,39,483,306,256,109,497
310,492,411,257,13,30,459,435,414,447,347,320,240,71,196,467,494,177,128,74,7,357,181,157,199,115,497,299,372,220,194,318,419,304,256,185,290,329,446,56,28
2,248,121,69,313,201,358,1,284,283,169,204,455,490,266,36,310,148
272,348,24,93,338,87,126,22,321,478,419,474,67,336,248,415,159,227,375,82,29,352,88,396,406,263,197,183,200,127,490
328,440,240,253,477,346,496,169,494,185,99
124,161,397,311,459,340,64,178,203,103,367,28,145,16,114,415,281,151,425,120,462,207,389,288,75,220,239,129,219,336,385,7,486,216,99,127,454,25,343,190,292,410,183,286,268,23,100
280,444,220,261,298,257
176,475,86,35,133,194,7,310,94,424,95,91,371,321,208,29,13,187,320,34,413
320,306,309,46,295,113,162,128,174,496
270,284,471,285,197,114,420,188,323,269,417
414,316,363,179,236,177,494,194,203,367,171,299,55,368,298,192,231,71,212
53,358,224,220,36,134,497,362,195,426,476,167,230,98,259,304,15,112,123,146,37,139,105,493,21,76,193,126,392,115,342,268,388,137,455,4,66,18,470,87,429,188,365,270,40,124,212,214,45,463
406,88,201,89,256,18,456,396,40,217,166,191,134,391,46,447,33,250,365,419,472
395,215,439,368,72,71,276,213,388,139,20,308,288,236,382,227,109,404
459,492,24,119,405,411,328,104,243,391,15,218,182,447,442,80,252,438,191,78,318,39,210,441,164,170,412,52,89,127,454,274,250,255,266,466,324,217,358,426,226,74,323,402
127,395,188,338,163,47,121,45,331,279,389,224,409,351,160
386,30,37,448,407,34,347,500,180
468,405,69,172
266,359,306,63,42,299,11,245,348,395,85,463,400,325,430,477,500,392,130,197,371,101,432,93,168,237,149,381,120,238,456,223,379,258,291,145,416
324,411,16,225,311,65,224,217,178,71,252,451,402,254,444,131,468,383,401,176,75,247,165,443,42,437,201,341,460,386,145,299,471,73,338,212,373,59,409,47,26,462,55,329,395,210,467
174,273,355,121,494,177,137,365,495,158,65,435,392,449,90,81,440,14,89,332,462,166,220,33,398,270,346,427,465
341,44,498,203,314,177,222,161,487,382,303,187,299,456,451,358,347
329,498,30,488,245,196,101,226,75,51,88,321,179,141,393,3,305,404,204,410,337,210,21,315,186,135,229,281,62,257,107,123,219,28,304,228,184
326,75,16,5,411,444,468,98,35,20,30,268,151,7,152,421,252,331
460,359,238,7,98,412,235,18,301,10,173,456,151,6,324,158,128,247,228,72,270,313,273,252,387,341,250,17,414,284,364,480,255,474,23
497,48,456,138,280,477,297,403,309,96
208,294,275,347,216,282,385,152,113,171,151,458,126
57,51,172,82,31,147,206,343,267,153,136,312,374,326,145,394,307,310,277,452,110,118,141,320,37,101,356,311,123,383,130,19,410,405,454,466,30,168
78,182,282,420,421,191,336,299,187,223,108,288,79,21,131,450,177,75,280,84,369,251
242,18,462,225,228,406,261,324,182,39,464,285,167,393,243,219,364,299,37,186,123,45,42,435,259,292,14,73,316,312,235,214,116,111,115,184,441,411,319,178,329
92,280,385,144,434,362,307,131,154,34
88,287,440,317,224,378,424,330,314,76,196,171,481,49,364,152,233,366,295,466,225,218,63,154,117,347,9,455,328,312,475,176,166,17,296,189,252,484
36,61
6,488,123
309,420,95,143,365,474,297,426,408,164,36,412
432,222,474,115,364,319,339,13,464,114,43,490,307,487,321,325,442,265,97,308,142,428,270,362,441,138,311,361,358,1,404,22,495,415,227,206,416,139,183,119,261,457,373,273
286,32,387,113,308,274,436,152,262,464,292,354,63,452,194,188,154,343,206,245,383,168,290,200,73,273,8
221,337,417,359,160,198,138,140,163,286,407,229,101,368,305,63,398,348,406,13,176,340,35,218,212
59,322,161,167,388,476,397,205,91,337,3,472,65,30,85,488,340,50,390,95,407,361,36,225,463
485,26,128,412,141,296,120,416,9,164,261,93,185,324,381,11,83,204,376,86,297,81,295,177
205,159,144,343,7,61,468,133,130,239,134,440,179,390,232,174,23,92,49,346,438,325,332,202,367,416,266
258,67,160,313,336,18,349,261,232,419,250,210,113,234
401,133,365,484,409,46,431,372,187,316,471,315,373,440,265,196,12,177,250,208,69,467,387,33,476,59,35,87,464
387,247,333,169,485,466,479,187,447,315,58,145,134,314,64,488,22,293,398,416,445,172,246,407,36
18,59,463,286,27,314,137,227,57,312,55,377,381,136,406,392,19,52,94,229,48,34,384,23,370,188,475,194,129,465,42
302,418,261,294
261,168,53,488,184,319,381,275,324,495,410,74,480,146,251,92,60,375,293,351,153,86,199,355,47,454,295,363,20,248,460,85,393,344,88,27,285,137,84,154,391,56,376
377,99,329,52,345,492,299,369,368,184,82,253,7,298,16,273,275,493,107,183,63,376,470,469,446,276,126,412,383,169,193,177,150,22,490,310,366,359,195,174,91,373,30,300,403,303,187,338
303,440,464,370,306,147,422,95,415,188,37,187,176,180,83,39,433,142,476,206,284,144,6,110,399,18,405,17,494,125,268,44,160,20,43,416,274,413,353,29,437,372
220,95,169,156,170,131,409,140,403,291,173,257,286,382,145,475,393,101,406,296
328,210,335,460,253,422,143,481,59,404,292,197,353,68,146,279,438
99,334,458,226,11,124,86,268,318,314,148,460,31,472,250,277,96,468,227,79,288
46,479
477,499,355,352,252,323,332
158,123,92,221,342,147,152,49,211,454,173,400,437,119,464,452,328,151,93,14,488,52,186,330,403,287,180,141,405,87
200,429,239,157,115,143,340,219,98,153,54,169,303,129,325,104,210,6,388,355,449,485,231,473,356
76,279,421,202,262,342,139,260,485,10,95,230,24,304,406,127,462,115,125,352,9,423,257,106,449,286,250,6,400,158,339,229,306,319,384,274,427,79,209,243,107,369,466,456,119
8,434,2,320,69,328,309,346,190,408,342,312,31,153,395,378,87,211,405,345,144,321,46,194,33,131,472,178,274,72
208,71,415,45,442,412,202,398,328,297,203,416,278,100,149,402
7,291,480,126,121,446,464,461,5,415,371,231,157
248,252,336,381,19,289,181,9,89,403,133,476,293,52,34,195,353,53,15,457,87,131,485,156,123,269,303,86,352,309,266,233,56,209,448,482,348,2,205,227,408,20,324,187,491
275,129,399,325,497,292,115,19,349,330,370,319,41,271,201,466,99,43,343,353,192,299,231,146,2,167,64,208,136,42,492,321,488,314,32,160,355,267,109,294,83,118,423,364,37,366,472,9
149,59,121,315,184,48,75,456,383,487,461,105,226,115,304,114,134,71,419,312,168
287,396,300,467,237,317,436,406,443,263,352,12,30,301,247,21,197,211,129,148
188,370,394,71,147,130,326,418,467,289,325,164,41,430,92,138,55,241,36
442,275,350,207,83,313,298,269,429,105,440,408,240,419,426,264,390,233,108,33
234,315,192,161,471
54,284,377,123,309,426,447,337,469,141,468,156,51,78,53,254,233,26,275,478
18,400,133,186,242,349,104,490,470,265,434,288,225,226,436
393,253,34,278,436,23,14,182,386,152,145,351,481,331,57,383,124,33,171,67,349,83
69,97,367,417,370,473,59,255,94,55,92,163,162,480,112,328,331,113,173,132,147
255,481,180,437,409,241,37,479,469,53,162
129,345,200,493,12,355,58,77,107,424,328,260,293,311,316,258,310,449,349,141,159,91,233,235,178,315,380,153,500,348,78,336,160,253,399,434,8,162,24,464,419,384,266,471,211,466,244,55
176,63,290,470,347,478,408,425,21,18,262,342,452,86,62,196,465
66,321,297,486,345,494,120,113,38,363,394,335,62,353,200,211,27,81,367,137,489,496,131,423,158,328,219,29,336,261,186,285,275,308,418,161,484,106,37,362,89,482,466,224,146
241,499,279,3,15,349,341,455,438,459,492,428,423,166,219,186,248,409,476,283,381,105,9,266,417,362,403,325,80,306,375,182,441,487,153,208,453,427,307,472,165,97,31,136,448
452,267,289,432,344,291,263,409,135,3,326,73,471,158,128,79,124,173,358,203,232,433,341,127,194,101,351,423,451,365,129,165,260,398,307
52,416,151
382,143,70,164,12,25,400,16,144,239,21,265,491,131,331,370,23,189,318,463,260,338,497,29,285,169,284
309,317,49,336,433,370,351,195,285,79,298,193,146,360,335,22
306,114,78,467
205,153,389,435,221,28,456,166,196,393,79,138,81,200,416,280,281,4,330,278,306,394,106,152
144,23,461,254,208,355,258,57,230,466,471,204,296,229,281,238,141,271,483,392,181,100,428,92,366,313,375,235,166,179,441,413,467,36,384,172,337,123,237,15,10,363,309
374,29,162,481,189,30,97,390,363,158,66,406,317,187,4,473,489,266,346,463,88,118,299,106,461
94,332,304,206,110,204,108,7,314,326,177,138,365,50,338,344,122,227,419,131,85,33,355,187,74,457,438,287,378,159,352,497,196,71
330,357,327,366,299,148,134,283,478,33,343,200,82,261,374,353,19,177,332,34,285,13,223,190,141,380,154,437,490,359,106,387,449
338,125,377,446,275,454,104,138,90,160,246,69,262,85,238,134,358,440
384,48,349,479,451,150,376,398,486,238,196,222,325,408,371
222,282,160,165,96,342,123,290,106,335,311,149,448,73,102,187,254,293,476,171,395,183,58,216,72,407,468,13,415,297,202,300,413,200,11,59,147,473,237,90,481,433,228,417,101
341,323,342,214,259,91,132,27,37,15,42,304,263,246,293,468,123,152,45,230,121,175,431,429,393,481,144,457,228,243,194,164,187,446,222,319
101,398,23,194,404,170,18,237,375,256,212,378,407,140,124,145,410,259,216,152,32,354,351,278,219,335,59,27,480,123
1,73,116,490,307,287,71,496,310,360,301,89,467,80,272,277,183,237,470,437,119
74,264,308,267,45,123,53,482,242,75,378,223,117,355,8,461,389,145,333,48,261,499,350,410,175,68,171,456,459,52,172,205,369,137,398,490,438,128,431,92
53,360,375,270,88,400,9,59,210,438,307,491,142,244,439,267,418,276,45
38,65,35,339,76,321,350,54,214,465,298,34,277,108,310,325,62,151,408,23,228,390,439,430,291,22,427,220,268,132,248,61,480,385,300,8,252,205,297
9,102,207,262,179,88,375,204,258,493,135,325
146,116,397,87,27,413,368,57,44,448,462,74,310,393,358,302,408,424,178,450,264,179,161,312,167,99,66,45,318,135,174,9,201,335,444,427,34,497,498,114,199,142,242,297
174,114,395,307,279,463,184
332,493,147,237,192,371,256,261,305,96,215,419,187,124,253,382,226,451,492,482,118,408,366,375,185,174,207,84,114,50,136,159,326,248,133
113,167,409,95,403,311,111,398,140,500,296,305,31,52,280,307,234
291,358,320,19,231,22,301
173,69,305,285,451,332,13,282,84,232,438,225,16,299,482,24,418,6,7,369,49
371,120,69,60,446,133
31,198,288,96,142,223,209,310,261,83,433,350,202,243,470,123,54,299,306
142,262,430,8,452
103,151,449,6
474,278,406,308,485,489,255,191,111,360,382,28,446,438,14,233,344,496,54,43
21,219,116,207,234,203,12,9,458,262,18,343,437,306,89,243,428,400,370,321,415,433,318,297,495,453,196,106,182,240,498
406,185,454,351,187,77,269,104,243,395,252,102,450,278,189,349,323,307,142,464,124,251,467,472,438,316,448,159,407,129,20,429,443,80,466,244,276,253
409,10,233,287,410,59,191,379,314,31,136,90,163,266,449,315
312,490,170,123,400,383,107,447,411,386,202,371,345,247,395,157,266,151,445,459,405,333,418,438,298,106,286
226,232,160,251,321,172,198,396,340,329,262,117,145,209,402,461,274,33,96,249,349,495,201,66,225
337,234,390,127,343,130,3,173,10,85,267,160,236,401,356,134,477,153,156,456,440,427,42,69,382,31,280,57,200,488,45,287,133,407,355,23
243,324,409,370,140,314,162,338,448,363,316,47,489
415,207,157,33,232,466,231,363,230,227,281,49,39,20,328,21,413,297,3,202,28,47,51,75,100,431,500,252,97,437,171,455,438,470,265,394,416,125,493,209,99,343,419,108,84,161,491,188,139
167,407,78,24,328,353,346,311,89
297,159,146,288,336,37,384,70,406
485,306,387,463,293,342,366,456,257,173,260,347,102,265,65,327,81,355,305,496,300
229,314,310,463,66,178,159,450,406,169,469,344,256,95,90,29,484,286,56,380,309,334,217,1,316,216,139,248,168,93,285,141
261,20,392,364,43,344,410,442,387,75,434,206,207,136,256,31,177,142,132,265,128,389,334,345,275,21,98,227
253,202,386,487,453,62,128,391,495,305,467,454,162,364,146,390,402,363,295,154,225,252,53,80,150,440,399,381,91,233,439,242,121,155,4,368,457
389,399,481,326,195,476,79,291,403,367,95
469,114,401,361,369,323,305,97,476,51,10,210,160,208,113,94,179,354,427,447,45,216,432,149,236,355,80,296,138,330
318,212,361,332,121,222,486,448,153,28,94,104,475,115,404,405,215,386,196,27,44,271,177,345,326,73
141,376,399,91,68,89,302,224,209,35,370,267,474,12,265,221,10,15
240,91,231,500,173,414,385,310,273,144,89,304
224,180,421,458,428,460,170,54,449,355,144,200,227,473,287,34,46,211,190,69,379,10,390,128,129,271,130
296,43,253,448,363,358,259,310,165,355,373,153,242,59,427,405,417,31,307,160,81,35,372,357,204,347,139,234,168,375,164
319,372,246,237,113,243,98,107,468,82,23,340,217,366
128,183,71,178,427,217,494,102,490,15,319,330,81,371,317,363,63,257,119,295,108,460,69,225,237,365,474,96,131,481,275,164,374,191,172,113
230,261,212,411,463,365,49,54,114,334,19,242,490,373,367,94,381,50,357,30,468,443
438,214,35,320,159,211,11,128,219,244
469,387,448,15,111,156,291
443,383,281,296,217,463,172,464,462,191,311,115,458,301,479,200,258,51,195,170,386,224,469,431,303,22,176,59,211,30,142,114,349,489,466,41,337,168
8,361,123,194,187,104,474,291
405,145,449,104,249,128,66,268,252,379,42,71,345,436,457,476,302,108,174,235,119,68,88,479,500,225,163,106,173,312,116,177,178,207,15,91
324,296,18,302,264,54,37,133,384,74,340,473,402,470,490,434,165,468
359,206,446,155,339,157,290,370,43,162,498,347,308,20,37,343,254,437,466,143,424,315,296,219,287,373,379,374,229,220,497,51,236,385,345,285,372,330,53,116,306,42,248,390,393,453,433
99,125,65,200,381,295,129,486,114,1,477,104,269,279,311,118,339,188,439,67,81,227,373,259,359
362,285,351,252,281,416,272,302,296,171,245,446,28,325,426,329,98,289,40,136,418,2,134,481,104,398,68,158,461,173
26,60,248,74,149,52,158,11,39,65,488,484,382,303,5,440,78,405,180,436
171,41,412,40,223,86,79,99,281,200
282,441
278,192,56,245,264,152,350,203,214,394,362,342,256
448,50,156,210,193,220
251,477,467,400,170,268,384,112,198,461,78,54,352,206,336,443,411,387,89,46,125,3,187,329,302,274,16,333,130,436,455,107,179
162,300,88,341,431,465,447,204,379,264,367,153,488,398,336,77,332,165,403,102,61
321,313,395,2,95,223,234,314,273,62,33,300,332,205,22,473,424,92,448,292,88,194,40,115,102,71
259,254,76,267,149,98,275,57,335,22,23,189,476,225,479,487,379,348,42,386,110,101,403,405,482
239,216,214,378,119,34,71,307
471,483,255
90,499,472,69,168,49,200,264,317,95,99,278,47,219,179,467,315,205,375,84,455,346,135,185,171,296,450,252,96,216,308,156,374,404,27
7,214,349,67,101,121,72,268,479,48,494,90,141,264,182,211,449,100,280,241,11,320,305,35,292,414,125,130,377,462,317,309,92,243,20,277,430,261,385,355,350,113,129
462,391,397,104,88,168,118,212,144,209,260,89,491,410,83,357,436,70,181,147,99,497,293,434,454,200,360,34,334,371,264,473,469,6,301,187,204,322,449,411,280,183,237,435,8
237,320,98,340
263,271,432,424,145,277,130,448,488,32,459,41,195,176,365,356,86,113,349,225,138,457,266,23,343,475,439,392
446,409,165,287,461,169,49,290,145,87,426,54,345,355,66,155,2,404
239,45,371,318,244,118,348,86,211,441,19,201,344,8,50,462,298,128,490,73,116,94,112,384,405,124,110,309,35,393,189
297,77,51,450,482,281,497,381,318,347,448,388,343,491,104,48,258,484,320,232,195,24,159,434,106
184,499,372,306,239,186,285,84,459,302,213,366,380,13,406,452,206,136,200,110,288,401,386,30,407,218,249,286,211,482,56
2,32,225,272,424,212,71,194,219,467,206,472,422,26,484,420,209,1,186,77,336,382
140,278,32,133,2,337,446,151,157,342,104,347,48,312,158,438,134,243,486,41,490,148,109,448,455,313,93,470,395,480,276,396,297,163,279,264,254,290,156,422,167,143,67,380,149,303,307,209,27,211
365,360,312,241,335,174,475,63,124,53,352,403,358,480,19,384,307,203,145,118,421,130,295,135,170,239,460,488,128,243,435,126,122
300,48,262,487,219,186,110,340,50,237,410,437,480,328
105,10
111,276,169,462,337,6,207,117,254,178,31,284,475,237,306,414,50,356,484,22,175,213,135,18,252,451,374,7,247,493,45,15,455,266,206,236,26,173,36,104,422,309
214,296,288,467,202,286,350,484,318,352,73,432,209,353,182,101,28,113,389,273,260,297,497,187,443,134,332
153,199,203,499,229,24,5,197,170,129,220,39,312,461,240,270,139,3,303,480,25,61,485,6,209,423
450,362,420,411,259,397,410,42,51,250,177,367,242,207,124,386,53,494,418,352,28,401,166,413,194,110,436,318,321,183,255,323,118,396,15,357,58,67,372,127,282,223,271,287,52,366,69,256,464
