260,483,208,133,175,359,340,235,447,498,417,370,75,117,306,174,500,311,102,481,245,242,197,45,16,295,354,17,434,438,28,25,143,230,467,239,346,400,316,402,194,455,53
326,371,113,349,388,291,417,194,144,204,177,152,219,5,298,328,350,330,244,447,21,476,29,60,389,309,141,419,295,384,195,279,63,432,166,86,286,54
86,470,372,339,453,426,28,443,208,77,456,458,47,300,410
84,113,422,330,1,463,254,402,37,68,129,63,420,89,35,16,62,42,388,100,200,496,131,320,247,3,451,52,458,253,311,4,105,25,221,91,101,397,148,132,331,95,377,445,344,27,28
327,96,335,33,41,457,387,205,338,261,465,367,61,89,158,182,51,247,125,153,230,282,164,114,48,92,128,74,108,454,493,283,441,245,300,370,118,82,290
219,98,88,142,151,19,323
42,71,427,82,278,155,287,201,231,242,212,137,29,132,124,369,179,172,221,130
367,231,293,448,466,389,330,305,57,379,274,261,467,249,259,54,251,180,48,476
426,440,60,210,348,148,185,459,409,67,479,474,69,355,315,164,219,122,216,460,115,377,395,167,101,309,41,489,72,421,295,352,392,223,117,53,46,453,201,120,259,434,296,369,224,33
290,339,411,32,319
275,128,96,105,375,492,321,346,29,263,200,498,149,92,193,462,221,415,74,211,226,126,185,34,412,197,264,324,449,220,144,85,443,103
329,215,197,477,453,101,156,300,422,29,472
261,111,282,245,167,276,56,327,393,127,325,96,461,15,92,144,323,394,294,25,155,158,44,473,289,46,356,382,403,98,85,115,52,447,14,392
60,231,380,143,382,102,451,364
93,7,117,75,470,223,60,180,495,393,108,395,309,318,459,54,83,220,474,221,376,463,257,184,455,232,240
371,467,451,140,334,30,41,279,188,79,499,27,164,368,367,417,365,332,394,355,16,500,268,483,408,199,212,370,430
279,453,442,175,408,272,356,151,443,143,91,85,498,191,307,67,467,8,49,157,395
348,227,483,52,335,37,239,498,143,304,435,364,426,276,314,481,12,374,63,127,142,203,346,373,72,436,341,181,206,317,232,299,287,413,65,303
275,202,155,141,131,269,285,396,238,153,306,236,106,59,477,337,36
13,340,321,458,49,146,450,361,277,418,76,112,309,476,35,448,385,50,212,417,51,171,258,299,100,244,60,12,260,488,62,7,206,454,387,271,237,81,253,311,37,487,188,333,479,232,425,39,481,274
370,46,186,136,395,24,257,32,302,401,163,322,20,417,416,174,98,140,351,218,281,338,213,17,381,112,233,214,434,172,50,115,166,314,108
145,103,317,381,378,97,283,346,270,426,168,30,288,195,73,57,272,175,332,69,182,303,188,263,15,12,437,475,245,313,258,208,118,422
74,219,331,410,214,59,47,243
10,93,363,331,204,131,126,431,54,308,135,446,286,158,185,35,272,339,119,28,400,20
240,190,48,230,462,104,200,460,326,116,384,201,77,457,497,346,494,271,87,264,235,391
111,221,498,483,245,464,293,302,462,402,44,269,6,305,21,434,97,313,414,223,22,198,157,234
215,242,415,288,448,38,43,267,340,270,341,490,146,322,6,295,273,197,51,329,342,55,137
463,72,304,87,17,62,297,129,30,249,472
474,340,138,295,473,136,284,164,61,465,8,417,228,420,381,92,51,408,141,257,328,36,48,264,150,200,225,344,64,448,379,5
484,114,317,254,409,269,132,469,379,77,243,323,271,229,429,221,439,390,367,75,258,161,398,177,226,389
