302,114,221,452,192,406,88,86,454,376,448,87,491,174,475,145,17,35,6,72,400,241,472,310,238,305,428,233,210,323,379,254
472,328,284,60,438,55,260,327,35,202,173,440,352,102,305,211,204,297,341,143,480,408,411,283,124,194,45,78,254,191,453,77
382,260,468,145,348,66,360,130,108,335,271,95,167,277,334,18,133,437,162,43,287,300,254,31,305,372,488,353
93,495,485,281,305,376,417,117,361,201,208,359,406,423,336,164,238,270,11,480,71,34,211,250,378,83,374,492,3,156,59,212,166,126,139,237,53,446,394,465,397,86,337,470,339,249
158,232,179,40,70,31,113,407,200,402,411,477,339,147,275,20,256,344,6,488,161,143,110,343,9
336,280,425,92,6,51,321,205,227,226,228,388,95,101,198,341,110,197,475,293,26,231,437,138,225,413,478,427,263,470,217,374,429,394
370,81,255,472,362,285,406,95,409,388,491,350,365,90,379,73,160,190,241,323,82,179,339,433,12,203,67
423,102,332,441
496,67,486,469,383,256,27,350,357,232,404,413,343,323,433,415,64,325,269,23,449,167,155,485,447,69,324,87,203
352,460,189,342,121,249,421,47,61,112,396,298,124,225,446,318,311,278,384,262,167,240
297,290,407,246,301,79,235,100,192,118,385,51,298,330,399,472,343,155,215,206,138,241,350,114,294,355
187,387,417,437,245,77,55,33,487,358,138,136,499,38,450,475,445,62,170,353,110,105,6,149,498,408,483,103,66,15,259,135,317,48,359,418,101,68,119,296,215,21,141,443,104,476,34
53,491,282,384,54,103,238,335,92,334,292,149,114,368,109,425,341,432,352
232,49,275,83,394,206
116,136,387,362,154,105,93,478,250,453,484,288,284,373,280,12,443
82,202,363,154,72,138,235,230,465,473
406,285,319,292,363,290,159,164,338,423,105,342,326,389,25,2,136,274,28,196,456,233,16,239
270,83,130,472,101,364,491,278,44,72,16,288,170,302,400,192,259,97,401,33,249,452
101,364,179,342,182,391,187,185,300,121,408,482,43,352,400,353,290,53,216
399,458,188,305,43,262,362,400,265,475,273,226,282,254,375,140,462,209,309,347,438,369,83
303,15,399,58,434,383,315,217,325,436,102,36,213,358,71,227,337,225,80,461,35,146,385,407,9,134,208,154,372,7,215,294,54,61,430,371,301,3,312,488,474,107
5,27,443,318,82,103,264,320,365,417,155,160,4,126,253,141,314,123,468,491,360,284,459,38,242,265,334,450,369,107,328,145,165,85,8,191,323,202,154,175,69,466
261,336,85,293,43,292,16,401,7,66,399
16,74,299,100,496,498,207,211,384,449,311,318,84,430,13
20,93
441,312,195,311,447,57,7,383,317,411,315
463,123,22,326,173,375,39,473,447,411,72,322,312,114,35,422,495,452,120,388,486,394,361,15,223,471,47,275,349,52,74,487,396,309
498,15,139,248
13,184,103,359,298,19,211,252,237,47,104,194,353
122,206,180,154,196,347,84,339,479,262,242,14,73,34,387,39,291,188,392,349,250,439,391,343,475,67,25,150,425,170
59,287,129,48,455,399,263,231,126,294,98,173,391,184,198,58,260,453,266,3
142,20,269,130,211,471,126,311,452,327,367,248,214,393,216,120,252,145,178,479,396,409,332,261,91,194
467,489,312,333,306,15,318,211,156,213,16,453,185,241,134,243,368,480,104,224
38,266,47,485,256,353,163,292,211,494,24,175,185,90,345,115,146,311,58,62,470,322,401,264,118,491,359,356,272,382,259,415,318,224,475,75,93,458,294,250,139,21,399,243,10,66,252,330,188
147,385,203,238,453,421,423,499,473,449,8,151,252,458,494,462,340,416,277,384,12,29,270,278,180,247,359,44,481,260,311,287,32,50,410
121,154,432,393,406,58,123,257,491,275,480,215,291,184,377,392,497,11,100,475,174,461,26,448,192,413,7,437,221,163,449,369,232,75,423,255,150,225,351,127,235,34,388
71,320,35,431,395,435,135,187,478,305,38,427,345,495,124,55,497,489,233,374,83,53,480,213,237
46,226,235,182,259,500,370,387,42,20,389,412,316,123,481,155,320,135,272,206,434,378,237,385,347,485,406,364,4,47,302,285,256,265,453,32,203,37
143,385,495,337,208,98,123,447,312,148,445,388,103,338,449,437,19,209,67,483,112,218,339,443,268,140,479,295,23
287,213,61,247,19,79,349,482,284,311,152,229,157,93,487,465,435,257,121,468,408,428,126,197,430,405,323,154,486,206
