391,367,328,355,396,162,154,151,486,12,59,406,248,98,217,400,270,133,26,75,244,449,1,194,413,230,177,304,478,278,315,398,408,114,117,382,251,139,65,433,28,438,423,430
391,287
337,408,416,133,174,162,461,143,105,164,5,340,198,52,32,28,31,109,194,242,86,245,2,455,451,405,115,488,399,75,385,64,140,70,244
459,126,481,246,352,44,55,403,463,184,143,76,94,66,156,409,250,393,485,462,433,172,70,164,128,157,187,329
201,215,291,180,194,221,227,346,117,16,415,301,419,85,142,466,120,322,158,228,19,341,81,399,362,356,20
229,54,45,173,180,248,284,464,404,470,36,277,1,334,125,158,44,298,29,90,165,10,494,413,283,443,341
333,477,379,100,361,7,199,408,353,176,323,482,136,55,363,135,24,38,459,219,288
80,430,431,379,421,161,211,305,404,160,289,443,56,473,429,436,50,368,378,241,356,2,370,102,122,413,439,336,456,48,98,112,398,243,313,322,100,24,40,251,384,345,125,427,395,41,171,68,320
229,307,73,93,176,37,368,399,350,445,53
80,160,382,444,482,372,317,334,304,229,216,377,135,298,113,312,492
387,257,181,219,307,192,362,415,165,301,317,56,73,40,359,109,464,44,360,119,176,210,220,365,69,3,142,437,478,86,473,85,329,381,286,486,434,110,140,397
24,1,460,125,383,470,189,278,66,493
403,461,380,481,412,407,476,48,344,230,176,286,163,255,480,387,30,103,307,430,366,488,205,131,23,457,309,171,316,59,4,27,66,248,245
338,119,226,340,483,390,165,32,453,465,473,294,223,475,476,129,394,10,365,115,284,23
146,161,297,154,281,400,408,284,222,180,442,158,329,77,80,324,355,462,443,44,419,290,260,294,259,211,280,212,193,342,30,307,16,371,1,490,469,67,325,163,279,21,358,10,127
463,277,96,28,168,408,18,379,272,93,474,492,265,118,499,88,41,373,43,248,227,483,357,36,289,413,61,39,195
107,381,240,296,34,27,182,259,251,132,138,245,226,428
157,74,68,371,191,496,44,247,139,295,248,155,60,268,221,321,224,415,189
120,266,321,260,249,55,391,53,198,77,473,119,136,116,104,6,42,113,233,239,2,96,73,22,230,54,123,479,362,413,179,130,330,109,332,237,30,183,252,443,453,409,19,242,248,358,382,13
164,395,220,313,160,81,318,139,273,271,9,284,109,349,414,69,77,62,444,132,480,101,260,289,233,198,184,303,39,436,213,350,150,48,380,281,448,242,203,422,343,375
71,283,376,141,208,425,365,296,433,152,300,314,171,348,374,40,54,286,226,90,106,19,438,251
369,98,354,391,166,372,343,7,42,250,376,200,164,466,174,333,263,439,255,208,217,118,194,404,68,496,216,287,437,380,57,494,120,344
292,173,467,430,75,253,243,43,298,88,500
19,82,101,215,400,107,498,172,24,366,217,33,345,297,62,250,325,146,159,170,495,333,224,317,362,22,365,53,246,414,433,160,174,476,279,411,8,249,118,245,442,363,436
354,281,412,435,185,254,189,474,262,79,223,141,495,320,216,165
137,145,28,174,94,383,203,422,344,37,461,484,467,82,117,104,208,92,164,171,321,60,446,156,237,113,368,335,190,56,172,330,317,396,363
271,424,363,185,258,299,446,106,55,341
197,286,116,356,37,316,470,108,218,35,259,157,85,359,256,340,404,383,5,118,219,357,73,439
46,470,92,121,353,286,178,102,149,346,134,410,447,255,373,219,338,163,294,319,349,474,164
457,10,461,496,353,352,436,437,46,223,374,302,79,264,290,53,500,171,186,299,385,90,115,166,332,83,372
105,419,52,10,214,276,376,11,230,457,46,70,170,413,473,215,187,494,126,396,203,87,144,249,458,66,449,209,168,441,61,330,30,6,284,353,237,90,92,476,161,89,299,12,329
379,447,357,293,449,9,142,134,363,267,393,411,111,17,414,286,252,487,465,236,462,144,439,135,268,29,324,459,432,230,10,298,416,421,1,123,325,91,70
260,73,35,488,215,388,486,320,189
296,164,425,172,366,129,194,241,283,99,179,346,203,350,279,24,93,168,74,472,260,400
422,390,122,185,9,73,164,59,284,478,267,116,288,241,126,389,145,329,220,203,242,26,316,147,214
55,413,30,261,298,77,112,457,121,104,402,272,469,287,388,37,188,367,219,96,206,196,185
115,434,7,421,45,76,208,175,132,359,383,364,371,344,457,221,21,211,88,110,366,237,222,271,134,226
97,275,190,402,296,60,463,263,123,251,484,224,252,209
18,341,296,213,64,44,474,215,50,258,137,313,217,351,17,197,310,97,495,88
70,376,339,25,389,120,443,66,241,244,333,269,153,170,223,413,242,8,275,463,211,455,253,188,51,133,344,375,30,3
204,321,357,365,331,111,193,172,361,133,200,256,434
456,239,476,23,474,214,312,275,203,66,234,356,326,484,434,117,181,393,182,363,28,198,48
500,447,19,221,359,126,491,389,38,334,317
111,425,8,123,102,411,283,28,391,362,12,36,376,422,404,347,121,198,290,76,163,321,280,485,421,54,91,305,57,32,350,159,284,106,244,415,464,374,360
13,116,6,133,243,125,164,123,141,402,457,218,210,320,159,396,422,105,11,333,419,406,438,338,294,188,160,349
256,78,336,63,16,273,30,339,86,296,198,73,458,314,221
64,337,362,202,304,379,135,454,182,439,352,408,129,63,160
257,430,244,405,18,29,384,245,331,221,120,104,408,239,180,419,265,247,437,27,156,274,364,65,426,56,119,10,488,32,297,457,438,167,290,199,451,176,82,428,127,189
489,141,20,173,82,94,257,468,412,101,321,357,385,230,340,239,106,322,277,434,191,312
8,162,165,91,236,272,48,413,399,239,93,352,373,495,214,173,76,338,190,284,442,426,402,24,164,496,36,175,39,268,29,103,224,178,318,343,27,247,369,312,382,309,374,301
377,414,19,77,241,248,362,484,212,41,491,165,194,290,404,50,231,300,40,153,294,304,88,115,189
348,361,95,478,488,48,329,369,146,250,179,104,43,189,169,331,318
56,442,199,263,234,183,98,475,459,424,133,466,226,259,302,450,294,405,227,423,72,229
370,444,81,146,91,159,487,304,8,161,286,123
61,467,67,218,46,179,238,437,185,183,74,49
21,350,52,357,2,73,54,242,182,113,263,220
314,243,432,124,351,224,11,180,140,480,106,283,370,420,342,270,171,166,209,92,455,69,483,475,154,265,242,174,170,405,128,107,178,130,461,252
480,21,379,213,310,465,469,195,94,28,167,136,380,347,164,422,78,338,332,245,199,301,256
39,22,471,398,460,82,104,339,293,486,318,148,201,180,80,9,215,114,493,298,333,401,400,48,307,499,67,349,434,352,350
426,129,319
320,1,270,36,300,440,24,448,376,360,338,73,191,340,258,17,298,319,264,481,93,454,500,240,30,331,489,296,82,10,293,77,2,380,432,156,318,16,362,199,114,308,395,407,267
113,334,124,8,289,146,388,420,422,242,400,74,83,25,455,204,78,417,19,58,500,465,32,435,260,298
109,170,294,156,2,211,13,190,322,315,139,200,471,307,40,118,265,5
24,189,11,127,9,84,213,105,282,347,252,359,74,418,497,54,1,23,78,19,110,267,204,142,499,301,34,432
223,341,94,4,423,362,433,462,337,251,67,317,354,59,230,88,465,318,87,305,50,478,286,403,140,82,449,241,57,255,447,283,372,117,163,461,269,262,394,323,473,414,313,178,272
222,321,370,5,122,116,135,332,47,486,285,38,7,3,37,343,392,159,187,167,473,120,82,207,51,315,493,417
136,303,339,297,142,166,422,258,149,228,64,360,289,106,167,397,436,254,500,480
339,356,68,488,134,466,73,248,63,324,476,433,55,285
496,102,405,194,159,21,402,181,325,498,480,404,352,62,68,91,392,252,232,415,165,183,255,23,71,27,493,423,243,66,331,201,139,430,492,451,350,47,49,151,18,475,51
377,275,234,470,414,482,492,463,359,235,291
433,425,63,28,429,386,176,224,494,466,296,468,79,148,297,253,76,251,84,150,149,55,113,354,369,257,200,414,103,481,87,83,270,303,114,54,447,74,379,385,15,172,339,81,345
357,454,341,437,49,272,479,200,62,47,352,111,396,238
201,276,205,303,233,284,36,217,101,423,55,480,216,118,232,151,75,443,251,311,452,112,267,289,100,500,129,256,159,57,405,463,221,462,134,410,137,310,53,301,385,488,207,406,152
491,290,139,115,387,81,295,444,355,158,479,189,177,17,345,248,371,313,176,347,415,101,484,317,203,357,22,410,293,490,439,215,94,26,298,41,425,310,28,141,389,223,64,370,472,316,488
366,315,200,16,226,323,403,99
409,482,303,434,160,323,36,147,194,162,450,349,220,366,471,338,272,337,169,143,14,168,222,406,3,212,84,89,242,360,333,55,124,274,21
180,209,286,448,173,215,211,174,140,155,451,281,42,206,159,97,137,284,339,125,481,302,279,292,460,347,15,389,409,120,392,151,244,86,128,423,379,218,498
410,399,340,67,28,423,418,281,107,194,213,391,104,180,14,377,7,9,65,187,240,361,157,395,490,36,299,119,409,283,159,152,432,81,126,247
208,415,361,237,282,204,281,124,233,213,305,224,290,437,489,25,280,311,491,100,142,303
117,266,229,279,363,383,134,493,283,115,484,370,93,192,34,174,146,387,124,302,338,133,37,231,106,307,95,168
107,268,408,192,103,23,196,291,302,346,243,242,337,147
37,413,188,153,79,262,376,494,245,189,462,157,274,356,285,266,172,264,381,261,84,277,98,292,322,422,196,478,141,346,73,495,156,3,150,289,498,383,154,201,119,268
321,442,144,156,77,497,481,61,9,478,491,2,128,281,282,165,280,413,19,461
128,46,138,445,460,413,214,428,82,326,439,470,64
160,228,74,79,294,472,191,291,478,454
28,119,256,292
347,159,478,431,454,141,98,227,483,444,408,38,216,138,199,50,222,445,185,223,375,374,243,463,324,15,443
351,410,224,132,220,18,70,289,399,339,122,53,230,237,168,272,472,288,186,313,75,62,101,54,352,322,118,496,58,12,243,478
416,344,286,200,306,73,218,78,168,488,144,289,95,81,440,439,303,6,163,437,358,197,402,100,387,461,225,455,195,338,312,175,47,191,140
37,366,455,391,392,38,43,143,188,275,218,343,388,39,409,324,198,341,69,437,477,107,290,267,135,282,377,9,450,70,184,23,438,379,79,351,305,365,225,441,410,461,483,350,412,214
481,244,177,84,347,338,393,60,85,166,79,76,46,490,457,413,129,260,223,215,484,135,441,337,180,287,196,252,232,385,205,97,62,82,421,30,395,270,298,458,290,68,170,318,141,273,124
347,465,155,359,448,277,169,107,157,180,236,26,1,304,274,249,417,402,116,328,241,314,303,126,464,459,100,144,289,171
252,346,342
342,133,8
441,341,364
226,129,426,255,131,463,2,60,469,466,348,238,72,85,10,454,381,62,350,228,113,377,138,111,19,176,320,156,456,139,193,162,388,475,334,8,414,104,59,490,89,52,217,27
62,479,79,403,161,49,422,455,93,132,96,114,414,224,147,190,352,282,387,216,262,428,320,416,288,71,204,223,202,250,2,159,235,338,125,174,206,362,457,201,346,392,473,6,115,271,322
447,107,356,207,239,87,403,106,435,456,4,344,381,90,443,385,424,229,102,264,258,44,488,400,145,388,228,231,479,127,419,416
385,117,23,489,343,279,398,484,350,415,97,3,223,46,170,164,375,178,41,394,103,137,384,306,378,242,381,20,227,358,304,427,134,400,124,465,118,98,150,28
77,216,222,246,121,425,44,430
365,336,179,184,38,17,154,156,182,40,486,368,232,51,109,394,9,185,113,284,472,68,436,197,437,462,409,115,13,470,481,474,219,195,83,418,291,487,145,208,77
451,150,283,324,44,286,303,55,217,80,140,418,295,500,356,413,376,478,305,315,435,224,162,64,464,20,2,69,26,115,481,490,409,424,147,200,119,328
331,39,66,349,212,80,82,228,493,211,59,119,373,273,412,83,37,244,167,85,437,236,454,430,451,89
249,281,416,387,167,234,184,13,165,230,285,120,204,393,78,6,3,278,303,388,391,471,173,465,367,330,483,328,413,422,494,88,25
225,264,413,254,235,495,141,15,121,369,425
497,477,428,118,389,165,465,370,222,126,164,123,6,57,316,70,462,274,286,285,92,28
71,244,70,61,172,294,320,373,410,224,401,256,332,426
451,110,50,295,196,107,149,365,488,500,218,173,273,300,281,57,336,186,327,230,306,237
170,403,460,176,99,111,15,494,351,139,359,201,421,242,293,52,327,420,235,348,14,485,499,132,134,303,479,286,432,253,285
435,374,309,47,2,401,201,63,177,84,60,79,270,275,349,409,39,120,380,23,285,365,190,165,276
157,118,173,84,405,20,451,345,456,156,336,176,329,178,214,209,497,416,85,401,279,312,434,469,323
46,11,211
29,37,150,418,208,159
248,244,407,96,339,106,203,5,455,361,70,344,124,403,135,289,456,382,462,374,358,470
326,155,377,452,441,146,283,7,195,398,186,72,337,430,84,397,449,99,399,251,70,245,316,116,307,407,173,479,291,189,482,130,466,340,55,264,135,387
3,288,313,399,243,149,336,156,53,333,197,237,485,21,319,61,282,393,231,244,195,484,330,461,7,314,194,192,366,369,176,201,63,413,249,358,158,272,294,97,25,436
382,310,267,121,6,154
31,214,1,271,424,159,405,414,485,154,45,107,260,247,448,394,71,47,281,357,242,469,323,466,166,28,484
335,42,219,350,477,439,34,125,481,346,173,464,229,440,274,129,320,207,482,195,18,53,234,276,375,316,469,220,108,39,216,449
35,473,308,82,222,5,369,446,28,190,339,94,173,139,458,303,368,221,470,293,490,156,460,138,53,80,274,433,291,103,359,375,163,442,253,400,289,73,346,8,296,299,110,365,391,159,11,331,487,105
3,397,401,8,415,371,48,250,450,104,20,126,379,60,187,256,111,1,265,222,103,2,143,273,320,399,122,346,434,378,23,486,356,488,438,123,7,258,24,5,227,497,87,478,380
187,393,51,84,436,429,203,348,146,121,128,336,96,69,89,280,266,292,344,177,150,482,15,235,398,341,300,63,43,223,78,29,472,221,273,13,338,123,464,147,297,225,134,30,442,423,207,272,243,199
308,336,137,298,173,313,2,164,383,339,364,85,342,26,135,133,452,50,14,186,84,367,489,161,94,428,334,49,128,457,20,175,359,59,409,311,167,216,75,124,397,474,328,389,427,35,317,46
475,195,216
198,377,167,119,120,22
146,452,141,395,12,26,347,217,413,172,228,327,468,127,376,289,55,269
387,306,444,136,100,133,468,388,316,288,268,12,177,97,297,107,60,500,94,259,193,163,426,227,179,139,84,224,360,436,353,104,374,106,498,175,453,178,231,98,218,42,90
138,327,290,482,50,473,88,335,432,296,18,122,348,301,178,252,203,33,401,455,184,227,15,408,300,330,239,309,61,12,4,9,269,16,393
311,163,300,86,429,337,475,319,411,428,338,15,470,242
403,207,471,487,398
30,407
444,199,375,202,496,249,294,102,413,69,206,37,450,185,436,83,263,254,377,388,247,110,193,25,187
488,270,164,93,440,363,340,392,324,98,421,215,213,271,419,89,302
154,236,106,123,177,410,203,396,117,381,212,426,178,97,108,189
58,296,136,392,448,118
62,456,215,351,304,383,186,372,232,237,250,180,55,337,10,8,382,381,361,125,90,136,429,143,325,406,393,478,461,364,463,183,239,336,400,54,286,380,333,32,408,46,269,85,500,301
15,136,37,251,167,203,476,351,452,284,478,377,144,437,448,217,466,491,492,415,26,195,12,30,400,456,79,63,435,160,25,350,323
429,256,76,129,94,109,331,180,398
427,80,275,374,382,46,230,50,56,321,270,390,132,77,70,257,186,96,338
444,315,417,326,338,416,82,154,382,143,174,148,488,17,396,312
96,430,167,319,44,366,480,313,443,409,278,348,109,481,231,369,440,247,184,25,103,75,466,209,368,478,289,389,326,172,248,394,36,342,293,192,223
159,377,358,267,380,58,4,198,117,435,369,338,365,243,395,430,26,367,35,84,459,29,207,70,180,402,319,494,348,47,328,153,334,213,446,100
43,94,84,475
420,108,310,415,295,138,143,471,407,431,3,462,51,110,481,453,214,259,213,417,335,162,202,257,323,321,69,211,340,464,105,57,297,113,2,371,101,474,286,222,223,306,8,270,396
371,281,367,442,328,432,214,154,150,452,83,415,128,3,454,16,391,443,417,495,88,287,269,499,280,172,334,324,84,24,224,73,400,387,183,373,297,277,428,158,293,474,358,55,396,342,136,38
394,441,246,18,31,80,407,306,111,489,232,297,379,412,411,119,64,117,22,307,25,413,115,267,82,35,315,70,67,317,430,139,158,128,429,248,491,460,101,440,40,332,368
88,51,113,372,392,217,104,129,150,453,327,107,264,265,204,308,3,128
413,251,342,53,241,444,475,93,221,56,90,334,268,261,134,275,406,209,396,463,47,33,335,181,455,230,100,500,63,330,471,247,324,245,23,146,225,306,395,16,367,62,77
337,440,305,117,214,421,24,161,245,188,34,377,176,271,126,49,146,498,152,228,309,147,100,231,453,223,167,31,312,443,352,369,219,307,330,379,82,209,346,74,390,136,120,384
400,422,72,372,39,383,157,453,462,179,480,444,52,273,311,391,140,2,213,173,265,375,44,481,368,438,343,459,255,314,429,353
203,345,43,284,166,312,3,469,17,153,116,63,451,283,186,487,321,180
352,195,463,154,19,329,180,114,25,366,182,391,203,98,474,55,231,45,155,96,163,178,428,425,285,449,381,458,390,292,197,50,121,67,171,240,283,94,303,7,135,107,224,92,398
265,440,235,300,333,264,162,469,336,379,497,393,382,45,388,414,26,384,459,487
290,492,308,69,197,157,72,158,413,56,342,132,64,67,242,401,39,117,357,173,433,18
337,2,167,125,441,249,220,42,92,226,157,72,69,475
171,90,325,3,49,487,232,402,141,8,381
488,313,280,172,106,126,168,231,451,64,154,17,397,302,367,211,325,63,475,461,382,43,418,81,341,442,128,487,44,104
442,75,385,266,482,251,67,373
336,156,442,95,54,471,333,28,62,351,105,104,9,8,403,229,61,52,36,228,258,218,445,79,169,242,106,148,433,324,364,230
74,70,410,441,150,53,496,131,324,423,114,368,251,377,77,366,68,48,435,103,169,347,429,240,472
187,167,243,403,177,475,308,80,195,214,348,73,280,206,118,328,329,397,423,371,98,89,440,496,445,347,188,448,401,486,63,381,364,258,264,127,407,265,290,382,215
282,165,54,124,196,382,182,79,346
391,471,353,297,81,183,288,38,169,146,115,14,133,252,231,137,87,193,367,221,454
289,84,142,168,420,273,492,33,30
89,104,55,489,336,408,500,192,80,17,349,110,313
142,160,273,239,391,414,365,240,500,288,443,319,266,474,401,469,18,136,277,405,242,85,335,201,101
291,355,58,336,377,490,196,5,423,292,87,322,207,279,358,106,441,451,466,459,64,268,227,159,21,326,72,278,13,80,116
440,361,76,195,357,444,17,285,186,177,338,335,483,90,167,380,270,259,351,231,59,223
331,267,79,67,66,277,430,26,194
177,206,151,66,262,102,303,122,354,477,205,72,275
88,40,236,238,417,261,389,318,316,337,163,224,54,208,15,94,466,449,416,48,160,71,171,304,34,368,5,327,288,432,90,3,47,207,253,486,140,19,459,55,453,12,39,257,31,282
67,341,228,381,298,478,17,93,131,19,350,374,477,429,424,68,155,224,472,423,114,72,458,303,53,25,405,389,398,229,215,214,340,266,351,257,222,57,336,167,40
72,71,261,305,450
390,439,352,48,7,442,334,239,357,177,191
222,276,396,204,362,104,242,40,379,389,140,66,195,23,378,7,56,273,361,86,486,113,382,235,53,30,155,35,153,1,457,47,495,120,10,406,411,485,14,284,211,469,106,79,197,399,386,165,289,375
104,495,38,279,19,210,458,358,219,368,438,34,412,242,441,484,403,80,313,63,336,337,369,37,289,171,126,75,463,265,73,146,107
254,204,221,332,252,315,212,308,69,61,466,81,93,144,48,77,207,119,448,463,250,384,120,403,5,494,275,301,103,46,113,449,484,401,328,101,99,274,227,472
380,250,40,460,127,169,311,80,321,482,230,94,195,497,58,12,289,83,405,254,203,134,291
416,378,488
3,267
176,289,13,89,18,14,475
378,25,383,95,352,163,112,409,438,235,1,174,104,295,63,271,204,256,486,359,99,142,227,129,424,328,289,158,401,385,497,330,111,316,347,323,270,307,459,440,398,226,162,29,167,108
226,497,281,435
211,423,497,454,122,372,28,393,138,143,128,376,7,114,103,319,350,152,369,335,466,54
236,404,483,470,321,33,287,400,203,303,189,494,488,25,290,408,34,266,69,435,155,98,374,482,283,241,185,475,230,348,352
210,137,196,300,280,21,429,205,372,336,89,392,364,439,2,468,177
126,46,65,327,285,135,15,296,476,57,231,458,428,260,204,311,213,306,75,89,163,250,445,18,182,6,141,190,143,307,177,87,494,378,156,400,493,192,326,474,363,343,209,447,30
117,213,375
455,377,302,49,309
294,375,387,415,159,413,416,477,306,339,234,69,67,480,257,2,483,280,373,144,116,259
18,320,382,466,278,322,188,495,12,73,168,399,251,11,242,31,301,117,196,404,422,398,75
393,320,334,469,32,162,423,319,61,339,479,63,498,488,121,419,90,476,261,306,409,39,236,239,437,3,303,36
92,349,29,68,39,123,62,248,457,196,454,463,418,187,334,341,100,330,451,33,227,146,424,401,200,472,344,464,23,135,42,25,233,3,174,97,351,181,224,232,116,315,455,333,375,194
390,58,441,45,121,242,321,371,155,448,382,149,222,412,379,41,186,154,57,351,282,94,294,425,252,258,208,322,428,297,28,175,254,158,407,119,74,124,329,59,336,500,75,493,449,286,266,72,220,184
23,459,475,382,465,480,435,338,374,481,428,22,469,194,5,387,351,301,70,86,53,175,318,358,369,371,176,167,269,11,74
342,432,22,192,75,30,155,62,153,360,130,473,394,461,315,391,410,255,107,108,335,350,395,84,325,57,402,261,175,41,431,262,177,47,418,117,121,371,97,284,421,237,73,139,163,253,199
114,156,316,238,361,127,109,176,261,193,319,308,282,160,100,474,232
121,468,162,80
245,182,342,176,286,166,493
294,297,438,365,443,144,59,305,254,17,260,50,336,274,400,447,61,130,440,142,10,161,95,310,292,315
20,25,416
98,241,480,353,150,395,165,183,407,404,69,52,244
304,451,96,351,436,485,178,198,39,46,437,34,342,30,439,329,371,316,143,417,374,220,429,448,285,272,297,452,370,107,15,28,70,252,406,36,136,108,216,455,288,38,416,266
188,201,321,354,16,121,177,226,223,22,203,191,479,423,347,375,230,261,280,148,206,245,335,273,239,165,85,115,412,183,57,315,278,132,103,37,211,326,27,254,306,485
451,65,403,283,291,117,371,218,107,241,326,434,175,91,56,425,288,153,114,450,108,374,208,443,360,278,214,237,63,25,323,308,335,297,182,20,219,345,362,407,408,106,266,488,429,236,289
478,367,456,293,132,52,238,361,154,477,424,365,379,226
377,453,470,62,30,70,310,222,231,69,244,250,229,288,153,254,181,408,202,334,64,173,33,63,286,465,226,121,126,430,132,9,388,398,355,365,393,440,193,449,16
272,256,301,371,86,214,198,219,462,56,45,36,66,282,445,391,499,431,383,390
56,21,38,149,353,205,132,199,376,379,480,172,494,225,216,35,406,134,136,390,368,457,140,236,375
392,189,56,194,99,28,50,333,479,79,282,272,129,46,148,98,229,268,322,384,71,277
490,319,76,379,63,137
180,63,400,317,346,162,335,41,402,439,50,485,455,101,401,241
320,377,306,80,327,114,216,103,133,124,450,341,311,17,54,188,404,368,322,61,473,164,81,63,269,451,497,116,307,467,89,115,398,466,158,429,392,214,131
455,473,191,39,19,176,160,485,407,383,370,280,297,354,234,209,402,272,46,374,315,329,298,42,189,77,400,248,144,276,271,312,200,491,302,436,309,95,106,55,18,47,461,293,208,289,388
232,102,396,397,444,346,464,291,39,68,277,303,13,216,317,176,205,254,429,188,306,74,270,185,309,301,66,399,209,316,413,1,404,491,376,43,40,353,88,230,226
467,128,315,48,381,88,132,348,218,162,207,243,454,285,30,214,366,468,387,417,77,92,438,342,165,82,64,325
52,12,90,64,94,14,242,231,294,249,412,168,124,287,471,188,290,203,462,198,452,293,372,400,493,251,489,13,298,74,259,375,449,434,65,442,152,309,345,482,391,464
404,330,455,284,281,70,366,336,333,365,75,182,154,114,289,356,168,347,292,373,480,322
392,388,74,66,184,363,174,35,451,315,331,295,291,220,270,71,53,187,98,338,307,483,185,336,203,428,145,476,38,50,85,132,316,128,456,268,202,278,186,183,454,216,224,13,194
18,132,255,303,318,482,295,368,310,212,451,231,5,321,496,296,9,260,17,56,406,356,315,193,190,409,441,52,48,464,239,390,345,358,284,287
182,390,57,176,149,205,454,91,84
367,175,167,162,304,337,137,268,134,53,100,346,209,5,65,41,245,333
141,477,134,440,212,19,483,442,254,227,302,136,161,300,153,451,488,274,16,43,362,444,251,85,243,37
251,252,465,406,119,109,146,98,211,151,285,430,391,364,174,178,21,177,470,496,102,392,222
114,226,28,309,453,246,436,377,467,426,31,363,287,195,248,39,142,262,124,133,22,17,108,137,111,443,220,123,3,158,152,229,143,415,217,338,26,294,245,141,285,339,296
221,293,38,412,183,296,110,8,413,356,41,107,403,201,335,166,128,142,308,446,80
245,247,489,155,30,348,74,272,488,484,397,26,431,347,315,277,436,97,462,342,412,231
352,104,434,203,337,230,282,281,124,429,121,436,318,353,57,21,211,220,485,147,186,258,267,330,424,492,467,459,251,179,481,236,65,100,108,454,284
24,136,427,383,447,362,430,162,467,413,385,214,367,48,11,5,459,53,309,432,357,204,460,49,226,238,216,247,433,429,446,462,320,356,374,86,399,448,458,264,299,82,316,35,280,159
492,37,115,142,286,436,247,200,240,396,390,412,408,215,362,46,185,123,454,98,50,459
140,425,413,28,55,287,276,296,89,193,300,324,418,293,437,395,363,102,91,22,134,281,326,457
156,172,93,450,467,286,248,126,275,347,250,388,292,263,124,489,433,54,479,294,18,99,387,277,153,311,129,251,428,100,154,61,482,34,47,174,193,293,407,214,168,403,207,176
351,293,55,461,101,444,230,470,64,235,357,478,98
289,139,64,378,374,172,248,220,238,177,243,166,210,154,176,13
342,272,147,85,357,286,305,428,94,86,233,302,16,111,227,432,137,382,127,206,353,196,148,79,115,488,380,258,335,485,387,497,45,381,177,144,109,72
259,155,96,497,132,103,463,151,445,165,390,247,369,51,166,376,271,162,351
483,20,323,159,415,108,268,393,51,145,411,391,274,485
251,93,108,311,9,113,223,95,410
161,155,37,73,419,366,166,157,464,244,367,470,46,322,57,67,247,434,246,381,226,182,18,68,158,422,477,336,300
293,2,115,483,289,136,241,134,361,294,420,262,133,214,178,425,84,467,330,416,152,288,426,397,427,240,358,318,354,458,198,196,185,392,430,197,314,464,222,143,57,191,116,313,174,489,117,324
234,329,357,246,184,500,416,249,173,144,155,244,423,371,363,471,94,180,404,490,13,482,172,54,406,178,71,478,342,382,8,381,122,129,353,106,414
229,204,125,296,186,400,15,29,220,414,155,81,173,222,348,207,360,147,47,257,131,96,216,491,232
398,31,204,80,327,368,432,191,492,302,235,392,214,37,373,371,263,363,340,297
496,301,368,441,311,293,367,192,49,74,215,462,431,273,203,302,160,442,143,6,448,88,382,260,407,127,404,122,103,289,461,24,108,234,229,23
253,48,356,131,73,25,258,263,57,100,401,479,270,174,303,79,1,257,230,163,266,476,56,287,38,423,448,483,492,306,485,114,319,49,85,285,260,307,137,161,130,181,477,239,267
409,118,288,345,279,470,303,403,265,38,121,444,491,463,368,290,101,117,74
177,340,474,209,307,46,299,312,298,151,480,272,246,460,111,429,326,363
32,112,165,241,226,293,412,235,159,252,56,306,347,368,355,486,16,277,328,173,186,307,150,321,390,123,255,45,374,375,399,301
107,460,13,285,188,317,143,354,134,318,10,69,155,274,287,1,445,472,222,157,212,385,172,307,110,365,357,492,142,432,2,196,328,250,387,273,330,124,27,336,56,120,401,84
1,234,165,18,281,349,407,47,343,62,94,280,266,410,148,100,284,347
459,72,295,41,268,122,490,355,404,129,154,155,253,414,160,39,4,258,494,460,349,110,249
94,322,3,124,147,142,201,42,232,8,161,172,242,440,48,286,2,381,231,278,452,389,450,476,135,358,166,267,484,212,98,334,263,407,342,373,157
294,379,210,499,79,258,313,416,94,103,267,376,56,321,387,35,388,265,252,430,349,273,311,315,330,470,136,143,52,7,246,312,206,181,497,15,60,228,187,242,393
34,86
98,300,376,86,117,187,250,181,328,433,287,23,96,185,442,66,259,213,138,301,57,14,387,85,79,412,279,251,169,37,15,9,360,496,135,446,168,161,225,17,202
71,327,287,353,73,161,248,356,4,488,152,427,22,494,311,80,233,365,1,345,397,145
120,113,158,156,60,434,241,87,417,35,338,318,453,20,273,429,216,248,176,447,445,376,323,215,299
333,95,256,99,189,330,458,308,153,409,363,58,200,81,240,228,395,392,494,313,310,122,142,284,462,427,431,456,359,1,167,74,186
75,382,131,26,24,21
131,176,398,270,356,256,168,405,244,149,339,46,454,81,480,124,111,416,436,327,14,252,246,18,99,264,191,283,358
401,445,150,178,343,372,152,112,202,350,12,84,43
349,86,41,281,72,299,60,168,399,340,289,164,439,247,290,416,410,203,129,278,283,403,499,62,54,43
474,268,16,165,370,88,467,112,34,132,317,252,204,12,281,302,452,367,270,157,454,54,189,22,3,115,78,377,20,425,437,265,137,495,37,235,67,429,198,434
430,18,283,191,252,379,128,201,261,438,94,406,194,282,183,374,325,114,310,61,469,254,115,405,411,89,388,73
251,59,388,176,480,363,272,406,211,229,52,239,360,465,358,499,405,29,159,289,286,161,27,25,375,262,492,40,279,16,331
159,192,491,45,391,227,81,145,267,229,11,250,99,419,37,367,247,117,290,183,342,477,262,1
350,314,287,244
139,103,184,362,430,386,99,133,323,304,441,39,217,59,279,132,51,80,134,282,70,381,384,335,44,213,187,248,54,373,477,174,465,295,342,383,309,40,192,76
205,452,223,23,281,226,196,277,415,359,121,51,53,41,262,292
38,374,299,105,51,123,272,40,493,248,435,219,370,94,241,70,436,266,403,136,69,301,390,27,11
34,140,101,444,126,301,397,271,292,273,10,93,228,98,141,449,341,247
307,116,200,5,92,141,368,104,441,298,492,3,25,72,164,309,195,10,47,500,167,151,339,457,286,246,311,481,328,206,152,355,28,371,413,36,495,259,71,351,52,148,41,409,155,444,32,380
447,450,336,126,218,394,234,343,482,401,341,331,197,150,330,83,348,18,153,190,481,425,186,252,290,248
162,486,324,371,406,29,277,65,23,240,200
461,225,394,133,211,60,73,349,379,321,422,332,477,339,296,208,291,417
325,33,265,432,433,76,144,298,59,431,453,439,391,444,436,55,261,198,252,196,355,495,223,165,459,83
308,383,247,490
124,337,459,38,237,89,257,49,2,186,238,366,381,457,359,64,53,460,219,260,190,240,372,289,401,153,438,104,61,444,377,81,458,437,280,203,174,214,420,425,182
341,257,165,250,224,362,200,314,36,107,38,147,237,299,366,464,377,199,368,99,108,175,285,419,444,197,273,286,347,296,500,43,413,298
474,360,448,309,148,500,437,499,203,16,410,94,213,81,152,253,276,124,425,73,390,312,97,496,119,445,86,295,329,416,339,411,122,52,498,480,262,264,200,323,265,96,362,188,472,100,473,202,196,487
118,445,35,375,159,259,448,429,11,160,441,412,174,107,56,155,455,293,138,29,27,163,128,36,137,5,151,276,33,188,376,295,271,45,252,406,44
23,213,179,408,484,101,405
128,325,222,77,118,477,126,342,219,48,256,405,223,422,339,296,235,98,112,29,52,340,168,270,297,384
73,447,266
6,231,476,328,258,372,357,186,304,274,353,200,327,441,335,113,139,265,130,116,312,333,84,247,356,290,364,150,35,153,79,26,227,28,254,29
311,288,397,125,295,377,351,371,384,56,496,331,242,495,385,428,93,279,409,158,155,218,216,22,78,196,244,261,414,336,359,160,13,60,137,328,161,29
244,346,339,133,382,391,439,99,139,67,234,41,429,449,190,328,359,37,45,58,158,247,457,137,392,480,389
36,451,264,269,50,306,112,214,113,196,486,58,284,164,54,471,220,197,51,5,139,78,122,174,163,290,440,178,370,188,363,53,22,265,480,279
220,362,372,393,322,358,9,227,15,257,237,216,147,194,120
36,101,244,452,175,182,252,56,122,38,425,224,338,191,264,170,86,45,15,226,250,478,396,294,17,426,486,88,302,301,212,82,6,323,185,443,307,245,322,458,119,376,219,55,412
42,210,239,291,292,159,122,468,280,489,297,216,231,24,352,96,332,98,208,410,189,421,117,180,126,75,325,440,145,149,26,422,465,8,331,314,112,206,310,114,337
241,87,182,254,434,169,440,366,84,408,346,338,261,48,438,304,198,468,327,157
389,176,399,478,472,340,233,269,391,294,271,286,401,102,22,12,489,288,220,65,295,8,146,422,254,243,439,335,130,410,466,36,264
227,271,69,78,154,127,441,163,448,23,191,377,60,100,174,241,105,346,426,187,107,226,429,29,27,327,54,66,481,432,381,115,31,239,260,248,335,218,2,309,108,444,492
20,130,485,426,24,240,363,301,206,224,157,14,287,145,444,242,16,220,169,489,239,310,370,432
136,455,407,362,267,168,55,308,426,311,14,214
84,332,360,401,408,389,36,167,315,190,414,91,166,499,306,123,245,256,86,374,10,447,346,438
22,209,230,426,334,136,273,339,482,271,379,290,434,481,117,307,421,189,65,91,111,106,7,126,310,6,443,416,114,109,477,313,496,94,328,176,445,214,367,138,28
299,224,8,237,316,480,234,25,375,466,66,357,173,301,7,216,179,275,381,429,194,400,2,226,342,70
303,491,97,209,312,187,462,42,152,154,241,31,342,168,76,244,163,304,373,87,313,223,287,2,158,103,118,280,243,300,359,397,498,108,91,275,354,109
215,489,239,221,485,466,352
276,178,123
35,227,294,457,97,328,438,370,220,359,149,104,54,353,64,499,243,428,346,441,351,28,323,180,185,41
322,281,407,145,404,56,406,429,458,219,6,85,334,89,377,179,362,212,415
454,6,56,243,21,359,250,382,421,401,400,461,308,91,139,115,113,268,460,354,174,257,193,36,462,189,50,202,42,333,55,10,246,291,227,99,233,78,427,83,187,425
74,317,289,216,170,59,44,489,303,166,428,85,12,75,362,90,68,15,14,126,500,284,363,425,343,162,88,249,484,274,268,105,209,130,447,121,432,273,33,95,292,139,346,255,103,241,78,80,106,492
133,219,83,330,188,22,145,460,480,183,274,91,461,144,271,349,415,216,171,248,193,346,126,288,372,176,70,278,484,366,55,84,20,279,360,342,367,382,172,203,24,340,289,419,496,487,403,448,411,177
138,141,454,490,420,73,47,142,151,331,45,466,429,448,370,9,496,96,108,56,3,172,295,435,489,313,353,214,294,299,395,250,177,85,127,393,341,464,256,199,191,207,343,86,154,283,169,467,252
401,399,291,145,81,71,203,387,265,38
160,351,195,235,232,37,38,379,482,152,116,190,444,353,137,237,367
150,115,249,340,85,10,479,321
336,302,183,337,295,114,180,137,488,398,113,339,455,281,32,421,247,167,5,385,4,456,355,235,18,31,484,300,149,34,378,451,202,93,376,436,265,185,255,324
443,377,449,195,154,226,485,382,227,218,87,393,2,398,240,387,160,191,434,211,430,253,328,15,148,197,63,332,453,260,327
234,408,194,311,210,93,481,322,335,8,425,486,228,135,95,308,485,184,258,20,18,87,405,338,217,64
177,146,136,480,196,423,259,42,155,495,217,486,26,51,359,370,448,224,490,264,228,84,463,350,57,49,167
56,46,58,200,48,489,310,444,137,324,102,433,151,340,139,499,335,277,18,145,69,70,162,231,357,222,430,180,60,156,96,103,169,467,471,294,196,295,263,286,107,24,206,368,211,224
286,44,274,118,126,120,499,52,85,462,444,311,29,91,192,90,363,288,237,384,150,257,245,140,222,291,248,169,198,133,250,476,165,239,421,87,137,341,387,179,208,373,268,364,292,376
342,110,353,277,10,160,354,179,439,8,331,168,103,116,428,72,131,435,102,339,335,352,300,158,14,404,322,326,373,421,328,206,60,83,388,382,164,63,349,319,334,444,51,376,251,119
392,351,168,432,469,433,190,169,136,414,369,466,68,262,258,6,291,62,90,261,178,3,444,237
63,40,306,24,394,448,473,267,239,285,494,343,369,218,309,215,313,280,185,195,78,471,426,493,411,243,145,371,273,359,201,465,191,460,10,226,474,414,3,49,208,137,53,35,409,268
106,349,148,481,247,445,6,35,407,8,345,133,391,141,33,296,156,276,163,310,419,213,239,13,101,259,126,132,397,288,314,370,147,493,399,378,171
468,494
34,71,484,1,225,441,200,500,486,440,133,70,211,408,336,416,114,266,402,412,411,284,374,492,187,288,346,437,90,93,154,82,286,419,314,329,344,24,335,310,198,384,257,46,217
122,31,361,27
384,280,318,176,128,406,344,273,299,461,380,19,208,33,370,260,366,198,116,156,150,107,488,363,261,131,276,202,428,487
158,352,77,207,165,413,327,373,46,216,208,147,114,28
383,293,133,59,402,484,3,250,74,82,238
36,434,74,287,301,118,48,305,76,104,378,302,485,328,440,84,342,132,37,63
16,30,131,438,192,253,48,372,187,435,149,63,39,347,146,496,165,313,130,24,330,134,119,172,238,151,156,237,324,427,186,461,412,103,9,71,483,442,268,355,161,231,286,145,380,89,219
428,312,163,35,334,313,93,139,379,276,189,288,494,63,187,396,60,459,307,344,369,165,309,25,473,172,249,42,456,149,418,59,376,326,203,415,497,499,92,196,185,395,143,449,325,484,57,301
363,388,317,434,486,179,87,8,45,254,314
214,322,164,237,284,251,429,338,303,141,394,345,463,139,131,10,373
175,122,118
282,195,304,128,15,184,432,367,70,351,193,134,183,278,153,191,340,322,468,335,483,397,37,105,487,47,308,474,359,311,332,399,312,136,62,356,277,207
63,498,345,146,364,413,293,24,407,279,59,334,154,75,47,164,494,14,316,366,158,379,267,305,493,445,319,239
389,494,303,355,312,207,240,205,180,151,462,42,333,490,349,290,487,386,157
27,217,242,391,43,207,500,45
277,370,113,125,233,15,38,143
97,18,358,204,46,271,199,213,347,405,45,479,315,156,420,184,287,101,377,67,393,332,489,51,168,473,277,8,50,249,468
414,154,1,168
453,412,106,54,351,105,494,196,30,108,328,495,143,361,315,369,87,499,329,126,91,204,57,388,429,257,64,50,193,223,173,314,41,334,403,401,482,393,366,320,5,500,399,137,66,228,149,414,356,67
258,107,353,469,110,383,407,351,475,44,115,412,238,348,100,270,452,419,422,483,60,373,344,218,63,445,368,24,444,221,332
430,166,103,414,368,99,64,11,232
272,94,460,13,90,315,14,307,198,45,354,461,312,7,326,405,151,228,196,223,298,264,378,125,268,131,164,336,229,423,253
246,383,193,278,154,297
214,263,337,318,417,192,18,210,8,489,46,17,193,232,138,68,389,357,269,57,324,420,339,317,82,183,221,20,449,243,28,478,469,386
372,277,171,16,421,456,322,81,293,482,185,108,134,351,262,247,110,204,181,64,62,384,224,26,367
48,280,433,386,323,351,99,173
484,145,415,116,496,278,2,216,414,142,316,295,74,322,486,14,123,349,201,361,284,281,409,451,364,274,428
329,318,467,305,33,363,12,278,283,379,242,219,405,93,9,70,286
299,301,10,5,133,455,377,177,115,292,237
191,312,207,310
361,304,101,407,258,171,104,337,409,133,376,232,362,420,61,463,139,431,326,433,197,128,483,271,357,442,87,277,129,205
489,95,346,44,130,266,482,403,401,186,488,373,479,363
427,375,357,442,100,367,305,324,261,320,301,123,61,482,399,51,438
368,259,270,387,260,479,234,444,128,327,304,229,450,6,12
324,161,158,445,246,159,117,20,367,428,336,153,83,447,352,280,355,203,97,79,230,145,251,194,173,96,399,259,256,140,210,174
48,208,236,310,474,74,334,172,76,318,250,306,203,49,162,181,388,309,277,284,302,459,153,292,313,122,37,454,46,28,14,432,217,12,380,30,442,480
195,19,145,498,204,154,456
489,184,97,300,36,464,321,226,354,15,196,62,302,70,490,417,191,148,472,239,332,358,475,7,280,140,90,272,370,98,303,110,136,353,368,46,111,212,122
379,491,387,266,424,249,310,231,413,364,185,414,90,495,234,352,62,193,71,57,205,355,380,10,288,428,298,209,130,313,220,271,282,412,235,479,127,227,274,273,174,498,493,431,228,242,87
210,232,363,389,234,291,431,481,323,48,67,142,275,346,153,350,214,405,164,383,222,229,145,223,451,105,348
185,477,196,131,330,328,495,23,293,62,341,263,111,454,161,38,57
368,311,214,251,10,174,154,492,210,453,335,252,313,382,50,201,362,334,411
119,371,494,167,35,341,388,472,39,358,266,185,229,38,173,333,253,424,37,484,409,298,443,268,159,350,6,261,270,254,278,181,137,46,305,241,131,372,346,209,109
164,65,253,156,316,468,30,418,98,150,70,21,429,467,112,276,260,369,230,159,291,343,124,433,57,79,364,104,268,145,99,177,193,297,446
109,262,280,215,405,42,257,277,316,197,74,6,279,278,433,258,362,7,69,37,426,99,380,321,149,24,268,158
90,35,4,468,116,188,12,466,109,432,360,355,271,287,390,289,447,193,77,69,160,345,196,214,257,452,177,32,409,330,176,121,376,206,29
310,282,58,137,263,242,22,342,359,494,31,427,198,428,155,237,489,335,470
223,328,227,217,271,200,183,418,474,420,111,93,235,118,435,430,371,296,162,261,329,343,262,374,432,310,276
165,260,488,303,185,247,214,180,363,474,10
436,314,226,171,175,308,437,123,133,267,188,434,236,82,11,144,485,377,383,23,10,113,391,174,460
359,128,53,313,81,202,114,432,223,254,369,401,493,116,427,484,436,177,481,257,456,373,430,145,176,492,14,295,117,307,437,275,382,306,388,327,52,444
454,424,413,210,370
295,74,401,158,22,29,402,494,219,80,213,421,483,314,21,207,406,365,42,415,408,445,4,110,101,79,116,117,103,66,290,336,64,468,398,231,404,226,225,112,333,129,142,330,342
177,380,160
428,243,78,205,301,450,189,315,433
356,366,111,396,460,231,5,258,422,469,272,340,224,346,235,360,329,395,327,347,64,200,57,209,174,287,379,427,401,428,239,60,448,123,208,281,271,35
481,338,344,441,205
238,100,492,438,42,432,210,299,154,159,125,264,250,128,276,110,275,436,107
330,46,387,137,442,44,476,202,41,116,475,464,257,455,149,242,171,204,427,13,299,5,112,108,298,219,411,479,368,365,167,197,360,490,445,188,454,474,297,110,453,100,457,240,201,123
451,143,248,319,65,203,459,413,115,78,335,261
3,89,43,483
295,288,487,364,196,126,27
219,282,398,445,382,65,11,293,245,228,409,374
148,126,199,231,67,347,464,249,251,369,471,263,163,318,74,466,483,156,226,94,320,480,165,416,269,284,147,267,196,52,14,459,90,154,398,346,93,16,136,497,205,353,328,235,354
195,91,130,186,93,115,475,222,42,466,478,450,367,2,295,190
132,193,382,332,444,242,259,11,40,445,185,264,122,198
225,15,389,85,98,33,30,318,28,358,104,275,145,116,480,326,483,374,277,12,153,298,282,4,226,74,197,115
118,156,357,193,126,500,22,489,310,251,96,61,248,204,385,108,464,185,332,286,328,71,308,259,375,373,89,300,462,92,200,479,80,384,187,39,125,422,293,261,42,205,455,9,367
285,335,36,163,341,269,412,154,96,214,434,348,493,281,298,119,400,87,475,155,221,314,38,58,405,144,84,393,346,465,288,8,336,220,476,30,302,427,247,48,496,355,425,195,399,192
70,442,298,107,104,147,76,98,128,248,68,195
357,331,340,404,41,427,5,59,239,36,105,227,158,473,365,471,116,141,273,48,173,49,143,104,454,179,464,15,358,51,94
66,491,430,370,441
341,27,415,333,198,294,402,417,157,497,61,85,124,258,443,350,195,477,161,320,336,149
422,235,471,43,147,478,246,141,120,443,42,161,473,362,418,212,188,383,234,500,257,374,493,462,251,375,340,292,357,78,50,331,95,191,96,395,211,491,22,467,454
218,73,206,485,51,322,224,167,349,338,284,30,434,476,481,221
239,408,359,429,327,59,371,467,292,166,260,262,210,60,20,376,40,456,309,216,12,317,431,428,179,490,101,313,318,203,94,90,278,396,395,441,119,303,140,243,412,238,297,57
361,442,457,451,124,469,73,473,243,158,133,175,257,378,235,13,204,319,388,373,241,313,21,479,113,164,435
184,241,19,435,148
132,417,306,424,463,297,338,354,363
421,165,50,427,129,82,117,163,132,33,385
255,199,82,190,472,440,352,230,344,26,300,64,303,107,106,421,243
188,62,219,41,454,94,119,290,418,298,132,497,240,417,92,265,166,279,288,63,467,310,366,469,130
51,364,247,188,22,338,38,78,335,172,448,241,194
324,266,479,7,3,296,325,261,286,287,35,425,272,224,131,118,362,333,235,385,229,151,249,145,66,339,91,92,356,180,265,300,60,232,497,50,409,434,376,95,159
315,166,332,303,265,87,291,496,467,314,186,80,230,48,285,199,266,418,281
128,266,144,61,38,414,30,396,160,314,265,336,330,194,231,207,216,69,466,263,85,435,488,94,57
267,96,413,323,367,256,196,160,78,379,32,128,175,347,59,62,150,439,102,38
436,33,306,492,251,375,244,432,259,303,54,29,143,127,58,379,232,75,454,397,106,113,130,387,264,134,484,393,110,59,51,14,355
430,95,59,337,28,187,17,66,132,253,110,8,14,326,237,499,68,74,192,276,374,386
145,174,193,388,483,19,290,52,65,68,167,246,397,153,73,232,127,194,461,62,346,154
422,248,45,390,306,420,100,226,328,465,207,417,335,358,474,317,78,442,189,304,167,3,183,116,138,253,11,55,385,49,91,386,74,192,173,426,44,27,57,190,273,291
82,487,275,197,325
177,146,241,113,433,465,244,288,424,405,370,446,167,116,173,423,464,243,369,425,354
27,129,306,193,464,443,414,175,209,236,390,118,458,164,191,117,342,194,58,128,482,242,393,100,354,124,110
358,137,354,314,142,409,72,160,309,215,154,200,185,499,374,458,21,273,34,240,480
21,300,445,361,475,178,261,110,451,95,465,339,448,432,293,380,213,412,255,200,207,467,100,54,343,277,40,42,360,67,128,179,379,395,267
183,343,306,338,49,144,316,253,207,220,195,248,325,256,471,386,187,330,452,156,333,223,483,229,162,226,137,39,40,158,10,198,209,339,141
428,63,492,385,51,448,339,114,340,429,213,189,173,186,170,447,265,138,253,306,414,256,71,215,168,66,16,343,44
359,165,303,235,118,315,144,461,193,498,285,95,36,438,388,455,369,43,202,466,304,1,463,48,9
14,204,431,93,96,172,70,154,72,369,348,311,144,53,340,339,214,61,283,187,362,97,430,2,150,162,268,279,489,387,498,40,423,383,36,291,243,420,9
27,95,165,67,441,362,395,44,394,369,356,279,439,443,31,325,209,82,245,205,171,223,424,265,272,408,102,374,195,60,476,270,105,381,402,122,290,180,186,307,398,81,7,472,490,470,481,66,314
238,100,435,281
344,376,313,373,326,172,385,46,279,442,194,72,427,490,285,190,422,149,247,9,378,466,467,116,398,112,79,433,229,115,472,206,416,110,260
134,36,46,312,34,51,241,119,25,278,351,75,439,327,37,50
342,249,50,59,120,256,269,392,81,215,287,460,44,454,403,126,266,270,204,42,341,309,90,327,470,89,52,70,497,464,471,139,281,301,482,333,367,291,135,17,371,154,487
38,489,150,4,465,389,247
288,345,251,367,262,254,358,416,77,172,107,121,205,326,202,383,395,318,189,109,46,136,317,283,351,150,375,261,492,284,168,27,476,342,180,84,363,29
56,200,345,24,45,256,246,155,410,357,51,442,458,235,88
48,184,299,492,282,193,475,13,453,86,437,204,150,97,334,173,415,116,470,483,35,349,416,341,179,231,67,458,476,243
252,340,168,149,404,167,125,174,307
390,258,253,415,337,467,122,386,220,319,150,110,62,105,487,326,242,241
240,95,83,355,467,253,259,113,330,205,44,397,191,270,118,170,276,211,475,121,284,443,448,157,145,212,432,489,381,182,248,132,390,424,242,40,482,404,275,57,158,116,175,197,257
396,313,160,220,92,27,471,284,22,123,497,232,122,335,99,321,20,187,385,273,200,173,95
147,351,230,466,446,204,482,82,29,468,179,10,7,50,62,421,298,211,114,218,26,167,494,42,168,222,477,394,326,2,289,483
219,130,174,20,96,30,394
425,46,36,490,304,323,421,127,373,276,242,54,101,239,345,358,26,77,183,366,187,324,252,95,344,399,170,312,39,179,87,9,180,162,426,65,256,160
481,442,455,52,81,427,362,31,299,266,341,10,236,440,130,175
319,85,21,451,370,206,459,321,404,134,389,93
64,451,367,474,260,35,170,161,238,418,311,178,302,112,31,37,479,298,498,123,197,338,13,386,361,110,28,357,398
98,96,128,380,497,368,355,370,489,199,257,28,12,60,433,303,450,363,463,167,253,208,459,87,307,378,255,40,177,109,179,304,252,442,387,402,333,52,362,46,106,340,291,220
60,75,406,61,443,222,304,193,74,187,103,79,90,481,437,345,325,465,386,436,324,330,256,294,181,475,215,492,261,12,43,486,340,117,357,361,130,53,214,146,124,140,416,247
206,247,482,224,109,175,285,164,476,16,14,171,34,35,138,357,187,103,419,304,2,73,237,362,6,420,190,271,288
395,313,10,4,258,378,489,196,492
35,47
388,477,165,393,201,258,428,200,97,214,365,443,249,39,360,144,83,247,296,68,466,135,16,487,233,110,88,341,282,401,199,62,198
433,440,107,400,296,495,152,300,21,430,73,323,466,314,46,132,371,48,66,429
442,203,196,69,260,247,107,229,414,199,344,213,6,63,428,64,431,338,393,104,109,288,67,209,438,5,412,36,237,451
168,98,279,262
46,206,2,214,44,167,376,384,65,39,151,317,332,292,484,287,87
417,195,41,241,172,316,98,54,269,30,140,23,362,399,255,82,354,254,219,209,64,247,151,50,187,94,418,291,158,157,92,232,469,34,249,87,196,231,422,76,259,489,400,145,117,176
246,59,199
216,11,106,272,270,127,453,221,445,449,122,360,289,82,226,323,280,373,145,278,148,144,246,255,234,352,498,250,448,225,440,60,315,475
437,22,159,495,417,292,451,127,269,20,409,257,304,24,51,396,94,44,331,192,194,381,149,169,138,271,459,353,402,88,438,9,244,109,148,429,492,217,101
99,188,84
230,299,291,244,53,483,283,496,435,85,401,250,76,242,20,357,331,124,93,196,293,176
433,328,459,226,341,74,51,120,259,409,230,340,79,487,436,354,496,14,481,244,4,280,148,495
179,309,78,477,212,377,220,161,167,290,365,177,484,450,30,229,476
158,480,448,493,101,5,111,388,411,183,340,130,68,165,14,347,106,61,442,182,186,17,491,18,69,133,295,365,484,391,308,461,496,57,317,166,473,86,346,248
227,265,373,128,172,98,431,402,432,215,462,447,155,435,132,434,444,449,438,32,416,471,290,475,344,52,77,212,53,430,405,159,45,453,69,275,73
228,165,476,95,497,151,495,431,196,437,210,59,216,55,238,87
332,281,480,194,110,308,81,486,497,93,107,438,141,326,210,435,448
404,271,53,310,381,312,73,237,488,444,183,334,449,328,6,166,26,147
106,354,412,477,283,118
124,148,95
410,148,289,436,86,481,208,424,87,186,350,376,371,372,296,82,466,387,423,307,326,439,313,259,465,344,187,20,226,209,9,92,269,347,417,235,201,268,221,482,12,130,110
95,306,3,217,215,407,195,127,123,349,483,401,397,7,279,132,312
195,112,245,325,211,79,307,1,318,496,193,4,313,322,238,269,216,377,205,280,368,14,101,37,128,272,76,7,28,224,222
317,151,249,246,88,383,313,231,307,339,341,357,111,498,174,71,132,56,455,44,355,311,271,411,332,155,27,256,176,331,21,349,436
211,109,493,393,155,392,242,376,387,239,262,417,299,247,171,373,92,486
114,139,73,344,142,46,496,320,271,342,397,498,250,291,478,434,70,464,92,257,312,218,196,84,460,400,43,18,93
484,160,320,17,208,334,19,226,452,499,403,183,223,417,314,467,99,229,24,340,365,12,490,82,228,330,251,4,10,437,42,190,477,474,369,337,367,132
175,43,116,324,168,474,232,427,281,147
267,217,224,29,392,260,250,360,399,244,358,393,309,274,188,462,275,15,69,109,372,122,80,411,33,238,186,334,282,285,380,27,144,211,412,155,30
377,225,473,223,355,323,381,96,69,493,383,181,472,219,113,103,216,105,390,385,444,95,336,318,120,434,275,247,293,199,147,477,182,12,405,151,125,331,43,44,138,352,235,67,309
322,496,221,287,127,101,204,481
394,285,498,478,217,115,429,35,112,427,29,375,237,272,247
204,198,321,320,402,202,105,94,414,378,423,455,307,261,418,219,209,296,251,127,141,391,348,193,415,82,290,334,54,85,363
108,411,418,347,388,159,366,29,495,448,404,442,223,135,164,2,66,99,81,144,422,54,430,383,23,114,215,51,25,201,444,276,328,284,471,64,172,189,323,186
405,456,51,141,205,105,495,55,10,210,131,275,305,401,496
457,478,176,243,424,232,275,379,356,150,257,49,486,165,221,305,111,188,114,345,66,294,208,306,322,110,166,230,151,348,116,2,313,453,393,138,68,164,259,107,482,316,309,268,228,105,321,371,411
64,297,1,45,61,413,78,220,313,252,345,25,16,125,57,234,255,410,28,270,219,314,261,82,26,329,58,132
202,336,215,441,426,380,235,293,360,267,292,376,263,251,301,346,253,218,20,79,485,62
376,124,181,428,483,482,385,280,302,352,162,271,355,59,75,130,80,35,115,255,137,186,411,64,197,69
20,11,319,232,82,366,401,216,186,500,456,486,132,437,13,323,287,32,440,405,296,496,373,160,72,420,9,209,469,397,163,441,35,69,61,164,192,417,254
264,23,131,307,29,138,150,48,92,308,106,239,316,384,84,245,175
380,372
265,396,338,255,448,269,313,23,491,469,367,449,242,97,409,275,191,386,215,7,413,489,197,44,476,120,199,33,477,57,488,79,112,465,436,85,12,36,91,69,412,142,306,389,202,162
40,21,153,302,379,75,314,50,482,70,125,182,400,399,73,43,421,455,202,495,341,146,53,229,252,205,293,460,320,449,150,201,450,107,128
198,294,127,217,360,339,136,273,263,281,55,34,259,381,326
362,468,482,290,497,240,461,341,166,10,61,347,434,140,101,144,39,67,464,199,406,120,469,22,91,267,66,324,90,145,259,114
93,120,427,97,174,201,186,70,126,439,4,77,374,413,235,111,115,146,60,458,273,90,379,164,317,470,402,298,390,411,123
465,60,262,494,288,117,430,405,258,168,420,85,51,112,339,280,472,294,385,396,305,156,2,250,244,107,471,120,410,228,40,217,67,176,200,241
114,348,137,146,172,358,200,5,377,54,156,304,168,450,363,6,475,330,109,73,115,13,150,340,202,495,423,166,240,98,58,232,408,462,406,189,438,392,207,62
75,481,496,7,92,49,296,468,46,41,256,263,34,52,208,435,116,8,373,169
101,302,468,50,435,448,100,98,36,62,351,59,182,170,109,165,191,87,140,385,431,387,409,124,419,316,149,121,436,349,28,61,287,132,229,472,223,390,136,395,481,184
415,388,274,238,69,345,488,451,471,363,397,483,73
15,28,408,481,145,384,471,455,453,253,85,249,484,344,98,105,54,137,292,27,111,252,394,300,38,463,465,289
85,229,409,218,440,117,76,208,372,407,284,185,52,200,483,278,313,359,405,325,367,129,206,112,216,51,424,16,348
