116,51
54,346,305,164,273,170,333,82,420,155,10,297,209
114,385,187,420,158,486,102,168,212,167,156,27,300,354,461,169,172,29,183,64,99,280,41,52,150,496,284,249,222,276,95,111,24,277,272,108
146,36,270,56,261,42,183,232,45,300,464,364,273,225,459,73,106,376,490,295,488,58,188,84,297,334,432,251,333,275,319,430,117,153,274,128,218,130,247
58,161,175,423,435,216,233,49,458,471,403,347,207,170,66,348,474,63,11,180,350,249,52,386,199,346,442,284,77,450,7,197,364,291,62,320,113,195,295,371,289,93,225
372,333,315,1,474,178,145,119,27,184,177,322,361,499,2,49,251,140,385,396,147,453,231,401,483,485,79,50,408,325
472,390,374,18,197,289,445,481,53,349,221,419,367,329,247
76,327,277,455,219,490,357,414,421,248,294
342,451,332,168,52,245,483,192,73,114,294,84,291,386,256,239,25,88,495,109,113,463,417,484,17,353,163,363,296,195,74,237,206,466,162,200,352,145,230,187,433,330,350,308,240,222,310
71,373,246,6,135,59,374,213,235,171,410,378,453,32,484,473,169
472,59,74,325,447,115,217,56,262,351,139,105,285,265,428,178,264
359,139,390,216,111,220,298,160,32,57,289,392,211,54,146,317,2,94,53,426
491,316,26,320,317,367,46,325,106,457,417,172,425,334,176,9
282,62,458,73,189,181,370,402,5,176,30,339,324,218,428,256,292,460,68,51,467,271,205,353,477,391,111,462,231,314,37,55,293,43,102,139,444,264,204,238
30,467,412,420,134,65,139,294,367,482,40,165,355,422,447,429,22,303,142,189,378,411,356,317,74,135,32,59,10,445,77,173,178,265,312,454,96,435,450,33
86,311,47,25,12,33,398,129,362,238
216,452,325,221,407,100,357,74,437,427,430,447,131,54,336
452,273,219,178,329,373,146,492,296,272,224,259,302,422,128,356,429,457,434,43,372,290,209,468,436,8,303,92,68,4,386,366,215,293,455,169,127,37,143
163,195,167,421,152,413,346,136,143,280,448,345,160,494,374,216,96,164,335,294,165,461,71,334,35,400,424,312,310,460,267,213,402,253,49,203,362,148,75,262,342,484,281,395
393,191,268,334,159,373,288,289,188,154,255,72,5,272,381,28,341,290,168,403
74,207,445,171,68,123,176,431,349,339,148,375,463,487,423,174,465,323,154,40,331,53,280,99,227,221,226,72,297,477,309,144,408,128,440,78,473,27,124,91,432
195,136,87,212,130,104,397,259,147,241,457,48,361,44,143,64,96,364,233,31,209,253,436,387,306,448
378,226,493,395,46,475,5,82,180,442,148,211,38,213,240,388,276,32
464,319,441,61,469,435,496
175,476,288,379,8,211,440,455,300,84,287,104,341,466,102,24,387,33,219,447,96,94,218,352,238,339,53,481,496,239,30,312,445,431,181,170,332,11,424,330,231,340,110,166,411,112,319,257,89
53,21,345,248,433,88,396,467
303,451,18,482,113,7,478,102,329,413,436,4,443,81,36,209,148,34,417,126,225,40,380,433,363,94,32,245,202,331,72,74,210,446,320
87,394,157,331,112,290,69,57,432,300,318,460,472,459,291,379,440,268,140,353,479,347,82,336,262,287,30,232,206,390,371,437
300,277,377,402,30,267,192,474,61,159,137,492,293,360,215,368,453,392,232,273,136,205,441,336,253,9,74
39,335,94
386,55,273,147,363,275,226,412,497,173,300,280,165,336,250,23,399,150,340,3,34,179,494,99,65,318,100,471,383,436,125,397,464,292
243,284,127,63,57,413,361,80,51,343,110,49,445,342,417,308,348,104,443,168,346,425,92,17,99,101
45,140,228,480,36,53,208,350,87,258
420,500,352,123,34,320,140,318,77,310,348,423,158,129,204
455,85,143,63,286,371,114,4,42,346,51,151,495,80,370,415,372,452,91,325,175,77,81
212,381,17,387,74,366,375,439,76,207,12,188,296,49,201,440,465,122,457,415,151,448,422,5,355,120,15,315,41,329,183,254,396,250,340,442,463,214,54,303,97,90,196,166,438,479
61,222,256,335,308,196,229,49,82,399,224,175,430,309,389,473,426,103,498,34,486,5,233,131,156,261,209,384,477,422,324,18,63
114,390,357,433,400,10,445,143,177,370,82,371,87,253,391,205,331
196,6,389
68,141,468,181,50,462,292,350,207,367,197,342,494,420,389,78,268,416,317,189,186,79,119,200,341,403,150,355,6,253,132,247,112
104,292,179,30,212,177
329,289,212,364,152,13,309,101,258,428,130,64,9,174,406,109,70,316,61,485,370,54,496,301,419,382,246,456,172,25,467,112,169,492,337,73,280,398
291,11,273,13,377,324,147,489,476,241,367,338,218,55,258,397,384,252,422,68,341,500,442,281,80,309,158,331,369,100,354,413,227,381,23,31,108,94,435,461,475,460,494,12,388,311,129
407,96,247,399,223,482,79,136,221,84,147,389,305,437,379,343,145,439,381,402,423,303,125,206,251
283,140,228,461,385,352,404,437,322,120,271,134,313,254,150,347,159,389,144,413,37,216,114,312,106,468,83,377,71,443,229,15,266
109,234,495,289,247,295,382,233,178,250,424,311,377,202,149,243,372,436
1,67,233,75,471,312,217,284,174,298,444,59,320,91,455,463,450,54,187,474,49,323,10,288,381,81,459,362,258,113,21,129,123,406,440,499,178,358,476,202,158,457,380,66,388
65,73,432,192,357,199,427
294,413,210,297,44,70,151,441,27,450,365,142,468,254,498,280,135,422,208,256,299,114,463,238,54,362,211,91,122,485,209,283,309,340,39,372,454,96,140,438
390,145,340,294,281,20,43,32,382,453,223,391,477,91,465,493,314,18,347,384,249,97,437,364,397,197,128,337,412,320,277,68,19,367,233,396,219,417,335,61,140,160,141
