195,295,452,375,381,189,187,340,414,237,17,434,475,278,143,102
235,81,472,320,19,152,115,121,443,39,124,169,381,210,483,133,94,24,335
38,196,167,396,284,349,87,359,144,249,237,19,63,119,34,463,492,264,407,108,12,43,21,395,296,233,291,392,269,337,94,362,140,90,273,328,464,215,461,134,84
492,333,72,17,213,98,238,229,194,445,137,139,93,147,395,60,338,336,293,434,443,498,43,219,488,9,226,102
1,57,269,35,398,237,230,19,99,114,180,346
251,155,37,280,324,397,142,135,147,17,374,486,63,493,34,184,72,310,169,105,196,7,356,299,376,395,485,187,402,102,349,342
180,489,51,364,372,87,30,342,118,471,448,425,177,75,295,157,17,306
222,432,156,111,109,189,437,174,221,387,67,196,462,412,114,198,268,481,373,188,75,112,288,180,413,157,377,26,215,173,229,101,42
455,12,137,418,322,339,388,400,435,282,178,71,497,176,35,93,150,451,312,81,55,135,131,284,316,175,258,99,33,202,229,302,29,423,25,500,58,97,74,466,394,487,217,5,368,361,142,73
182,240,293,488,172,374,103,481,173,145,351,170,354,348,334,475,498,279,378,112,433,229,262,307,15,161,196,285,175,252,449,158,353,267,216,208,383,321,402
140,359,49,463,53,485,322,312,292,187,21
84,72,227,122,182,319
473,348,158,205,212,2,346,295,282,424
86,72,361,162,180,71,421,498,192,55,40,9,410,404,66,210,319,382,105,212,138,461,77,230,88,23,19,235,218,456,271,316,244,418,328,491,103,87,262,96,82,102,469,144,457,26,388,352
233,332,77,378,37,9,426,458,336,207,285,486,278,39,435,358,85,35,203,401,299,260,74,499,474,341,395
340,196,398,496,396,71,457,363,235,186,153,54,303,290,374,183,302,150,466,170,252,85,228,334,370,248,312,336,4,52
497,330,295,199,415,487,185,216,411,44,264,237,250,153,421,353,218,375,244,428,391,403,180,327,310,182,283,114,363,320,247,173,5,476,396,414,429,356,160
370,452,338,385,434,364,466,34,183,71,149,332,250,357,272,127,37,275,457,131,314,429,77,386,481,109,426,227,430,158,447,132,320,473,312,245,235,156,90,62,427,75
496,445,425,135,457,305,432,468,63,427,33
280,117
214,382,225,46,83,21,355,480,64,349,39,419,255,110,67,277,50,476,197,219,383,362,494,420,467,202,92,341,183,332
433,33,120,285,147,491,451,155,324,223,34,334,466,122,455,353,397,88,6,425,406,82,276,142,123,265,254,129,177,233,184,81
390,79,471,57,63,470,386,444,256,179,347,250,130,1,152,379,190,349,65,12,492,284,41,209,50,460,182,178,317,451,228,102,491,413,171,196,109,232,200,263,260,416
401,44,496,442,61,150,410,296,123,455,473,222,434,157,440,16,205,460,28,391,147,59,452,104,159,318,312,358,249,231,27,26,351,50,93,458,395,334,143,81,241,10,156,140,162,461
371,441,51,384,118,290,470,344,165,454,89,10,360,257,72,472,304
480,382,112,493,307,414,185
393,442,128,461,93,69,143,76,340,317,452,233,188,169,5,296,282,478,337,472
337,41,40,376,347,229,234,416,419,373,392,343,120,308,232,393,254,112,224,490,451,394,424,499,259,440,432,154,365,415,213,179,410,137,72,201,359,411,55,188,73,319,176,132
203,190,188,412,118,291,122,49,67,60,15
11,134,324,63,81,443,280,151,64,334,51,177,118,1,289,200,396,353
119,265,176,108,75,291,304,498,165,21,10,418,181,284,255,337,190,69,191,479,311,86,60,195,214,199,88,127,116,405,142,424,140,38,150,451,301,352,36,226,171
491,470,51,431,188,89,403,155,377,147,465,127,22,12,129,320,243,33,58,250,362,122,14,459
423,449,335,192,50,194,294,187,178,100,71,171,113,53,124,58,224,299,65,88,267,340,373,152,162,28,237,59
373,470,490,291,256,416,71
282,416,351,8,426,440,398,254,341,256,36,43,115,1,105,92,433,49,6
78,272,297,409,76,85,218,68,347,408,117,274,56,285,120,156,186,18,192,496,172,288,175,143,489,266,122,249,95,259,144,400,456,70,414,7,495,203,311,342,101,137,365,50
23,472,346,6,261,396,382,189,139,481,497,165,281,278,107,301,226,7,345,494,454,56,138,134,85,445,105,258
296,458,461,493,236,81,299,185,325,473,199,52,413,96,76,298,105,478,286,227,133
216,329,363,268,208,212,431,81,314,167,324,138,394,41,205,70,55,241,445,222
188,317,59,12,278,449
452,372,237,11,313,158,139,25,460,474,104,121,360,163,76,40,167,286,343,55,219,493,225,42,116,75,477,459,473,166,273,497,336
254,375,209,475,218,57,297,334,472,153,403,207,412,132,406,141,395,128,366,247,357,281,473,50,384,287,184,252,149,374,29,166,232,317,387,477,431,172,53,428
251,199,254,277,27,46,15,269,72,118,378,24,392,493,452,315,306,486,153,403,165,98,174,237,443,324,103,282,64,281,456,209,115,352,286,467,169,349,53,90,405,22,437,371,379,424,267,419,356,138
397,339,326,254,87,259,166,105,302,91,180,220,27,21,144,206,178,78,241,65,225,30,207,315,496,295,265,298,343,232,453,150,321,466,152,293,401,176,4,369,416
208,366,460,472,138,135,44,459,363,432,60,174,306,53,173,120,368,331,157,488
293,16,450,118,276,208,334,385,104,430,84,49,388,375,315,125,29,245,250,50,309,155,238,252,256,294,473,421,397,73,194,373,160,121,319,70,233,172,434
469,366,421,245,316,453,281,264,401,199,395,353,148,299,460,16,156,338,137,455,344,386,493,296,159,189,413,178
13,348,352,131,293,233,205,275,301,364,436,24,283,2,413,465,499,139,415,325,78,61,203,300,59,297,241,148,101,120,378,6,212,49,474,27,406
486,471,273,62,223,86,104,304,323,130,360,332,56,306,377,16,52,468,236,473,155,329,353,218,297,43,378,1,281,279,364,268,239,132,352,412,88,381,484,244,346,420,294,392,254
174,314
203,24,190,221,468,266,159,40,371,242,134,154,343,116,230,14,253,11,416,125,330,84,465,79
250,214,167,363,440,22,13,200,458
25,41,228,102,122,158,258,295,1,27,405,289,329,74,126,199,79,248,264,361,299,485,85,430,384,124,128,133,109,287,184,156,89,316,413,210,350,173,217,294,52
52,436,339,158,309,485,180,104,300,294,456,130,366,319,437,172,119,127,11,59,222,141,33
444,416,500,379,404
455,14,152,73,430,469,153,129,260,415,290,148,24,267,310,475
167,379,111,416,7,263,35,476,250,327,303,256,8,191,480,372,105,75,397,456,471,236,208,193,350,272,316,150,288,127,214,275,347,151,482,211,469,213,440,92,133,268,84,104,140,401,148
403,43,357,320,2,273,226,125,141,183,162,46,49,105,372,378,327,262,478,283,41,159,122,414,87,404,200,493,298,445,297,62
469,139,231,276,209
22,148,278,365,151,463,220,99,255,84,492,202,433,244,124,409,468,113,28,172,190,393,149,443,494,447,279,207,3,335,69,223,408,249,16,327,177,218,196,497,98,108,212,126,356,375,256,379,438,386
