69,363,288,28,466,218,476,126,40,378,302,211,160,493,9,271,358,25,322,364,403,186,415,139,120,341,141,43,123,165,335,11,428,47,183
136,446,434,346,40,213,7,396,289,410,499,148,477,458,204,285,42,120,21,466,171,75,12,329,318,197,264,266,156,258,366,228,378,315,222,203,96,74,336,353,223,65
281,7,360,223,185,388,338,76,39,18,152,320,83,213,16,344,480,116,267,434,63,248,475,330,353,426,487,121,68,363,477,191,444,131,114,186,402
101,129,348,303,472,430,31,93,127,68,240,269,160,48,115,140,33,84,388,375
304,134,399,373,273,61,123,210,401,1,386,481,95,153
204,374,493,159,55,89,266,267,141,429,475,98,244,485,497,262,114,409,198,234,106,406,165,322,492,466,41,211,297,192,96
371,389,71,407,386,130,154,397,202,240,456,395,314,392,18,132,434,75,337,231
415,341,495,386,297,182,210,344,322,295,197,442,99,128,26,41,68,73,87,228,251,178,79,416,42,499,247,300,88,113,179,403,103,165,286,335,494,211,391,217,86,176
265,16,203,92,212,118,12,439,276,187,476,297,292,105,363,99,360,420,251,258
365,70,321,241,102,231,249,481,6,342,202,183,261,118,210,449,214,9,265,74,222,113,213,69,403,444,179,316,404,258,328
68,114,202,79,222,389,273,278,214,33,201,480,36,110,317,157,459,475,357,231,498,205,233,179,252,171,422,76,392,209,102,221,377,293,50,298,360,434,440,125,300,98,4,173,289,180,467
359,65,244,109,27,176,289,96,249,238,474,428,346,211,288,470,232,286,47,274,452,450,329,22,31,420,313,398,448,106,360,79,492,283,377,59,242,68,253,186,137,284,486,498
421,46,424,131,52,467,453,163,386,83,472,151,317,371,45,361,40,452,88,156,451,220,434,248
165,360,44,167,26,190,307,451,45,263,24,261,494,375,397,83,325,56,208,434,115,367,450,58,236,456,211,52,404,395,178,289,311,444,90,116,292,130
238,476,397,493,349,253,183,169,320,408,497,300,106,89,140,180,229,498,352,418,27,366,147,478,56,383,256,399,356,202,58,266,203,392,436,319,394,313,299,417,370,132,263,472,306,54,307,360,412
98,346,87,153,379,22,158,308,141,312,92,375,339,254,384,152,45,189,204,64
437,44,459,59,63,391,407,386,163,356,215,428,167,257,442,440
265,55,206,196,232,98,202,228,47,58,458,4,214,145,399,104,22,319,375,201,128,413,144,332,146,59,304,469,361,101,168,308
314,132,81,348,82
476,460,279,264,159,56,178,154,248,391,444,49,500,387,471,307,393,324,208,70,399,20,454,226,445,12,38,442,160,123,428,182,365,395,489,456,99,203,430,303,413,180,429,73,55,230,179
409,18,185,446,320,124,197,33,110,112,452,7,400,460,19,49,230,94,494,211,56,1,394,118,278,294,216,206,466,147,383,348,88,17,157,322,488,146,9,455,415
315,85,188,203,255,360,40,136
252,35,91,144,375,133,239,256,257,219,291,250,387,126,283,210,207,405,77,70,46,178,56,92,388,363,173
134,223,377,366,420,36,122,5,263,476,196,365,25,48,137,28,6,91,9,144,116,489,126,338,151,110,226,284,216,105,499,66,211,357,398,305,262,404,23,147,419,495,45,299,412,351,381,383,382
484,481,44,363,348,373,288,198,346,467,170,144,272,43,204,236,209,317,490,238,364,461,374,122,442,215,14,276,242,271,227,73
129,421,357,491,22,332
398,401,243,171,210,329,458,98,99,324,415,294,373,461,29,9,258,272,310,291,388,404,160,347
104,148,477,225,357,87,474,466,366,382,202,185,67,200
40,31,193,133,43,276,291,163,470,484,28,141,126,245,10,7,144,199,362,102,420,200,317,159,226,131,334,203,486,400,25,250,208,279
237,66,83,359,75,30,447,155
477,455,176,173,148,392,387,203,42,5,223,2,304,329,346
134,155,485,424,36,448,261,275,426,394,240,390,90,121,220,154,474,131,44,46,6,311,344,176,468,97,385,180,107,408,61,236,322,294,163,65,491,101,264,372
321,372,284,15,392,129,418,367,298,404,499,265,56,333,476,148
326,79,209,491,423,268,47
171,473,275,326,230,394,232,458,368,436,28,388,166,370,44,39,290,56,318,114,69,262,297,214,47,395,211,317,272
342,8,420,431,273,367,130,236,491,404,129,94,472,313,494,381,113,464,104
330,281,438,221,139,471,292,447,420,118,65,38,61,473,100,432,354,9,404,284,484,269,434,466,472,131,441,409,223,465,235,161,348,389,341,81,294,333,256,361,464,13,368,312
452,159,67,280,388,86,221,330,477,241,177,331,478,348,261,482,182,248,373,314,92
106,391,322
213,42,281,231,137,406,195,220,30,26,237,16,19,40,318,361,399,174,48,188,216,340,365,420,488
227,246,228,62,43,149,376,3,398,261,475,208,58,70,18,194,280,443,220,224,88,38,164,380,482,189,276,400,377,21,326,118,388,321,305
466,68,425,190,354,199,420,285,219,247,487,414,334,356,233,467,154,270,321,364
386,411,241,48,462,246,270,395,214,448
207,252,313,249,10,109,1,427,2
25,282,16,267,356,233,354,247,449,127,295,302,201,274,86,213,218,200,447,272,298,245,1,194,419,372,300,96,209,172,318,6,181,26,242,388,416,369,91
14,167,416,200,393,448,215,52,118,327,297,146,214,487,283,236,158,296,17,6,362,104,114,313
30,318,444,478,197,426,100,480,465,448,253,382,51,73,418,25,66,106
75,219,458,467,177,202,108,67,8,449,36,59,308,369,66,129,197,373,11,262,415,101,402,19,80,376,314,398,210,90,247,23,164,393,358,172,436,54,168,438,280,500,386,457,204,151,266,466,242,139
227,420,61,1,410,220,5,415,213,240,106,115,431,33,326,393,96,110,116,266,402,123,419,253,405,438,344,283,385,305,76,118,281
438,409,233,250,30,289,443,111,269,211,94,497,170,93,436,163,275,124,120,405,76,389,24,158,198,362,477,416,408,20,370,407,296,346,458,426,242,263,484,19,424,105,186,487,307,3,495,322,220,82
252,318,294,136,292,3,119,487,422,111,235,250,337,202,82,474,432,49,73,371,442,391,431,54,498,311,357
465,396,497,305,158,46,226,83,69,92,35,488,4,214,1
412,365,28,422,258,233,134,139,166,434,25,83
448,394,244,449,283,58,322,80,295,141,154,140,196,155,319,492,52,315,185,337,499,17,338,436,241,293,19,83,137,500,102,231,354,445,55,133,305,385,132,48,425,294
154,400,369,13,328,468,297,430,240,346,351,381,257,324
460,23,341,305,403,112,319,213,363,453,277,419,217,205,340
315,196,357,345,471,228,167,55,366,2,362,449,59,143,24,278,450,339,87,154,302,380,438,29,287,465,489,243,375,491,454,468,300,6,74,191,331,86,488,236,221,113,81,195,187,225
124,369,380,86,41,412,62,397,473,148,411,430,424,80,29,458,157,319,190,498
141,419,127,485,420,424,294,417,32,477,29,411,119,458,68,47,92,138,203,104,106,370,270,137,372,321,271,473,21,265,49,88,222,184,414,367,465,385,133,487,318,324,452
292,118,343,262,406,207,84,308,280,306,104,111,248,87,319,425,222,125,290,41,358,34,310,338,436,122,92,458,451,59
100,71,80,251,391,74,442,461,170,249,469
274,72,430,251,385,69,402,49,300,374,202,456,403,80,209,472,255,19,495,433,396,203,184,440,24,482,249,419,428,189,123,103,155,413
147,142,456,175,334,11,99,400,243,453,298,19,427,446,121,288,36,478,128,468,6,162,404,124,86,477,339,375,178,399,308,327,469,241,302,479,491,306,264,384,17,408,87
322,115,371,442,143,477,270,310,365,297,324,338,184,6,17,140,272,205,300,46,333,313,384,61,35,292,397,369
124,223,336,327,191,315,473,20,411,256,500,361,350,426,478,430,135,30,301,422,129,205,31,379,489,23,376,73,246,154,396,189
388,2,56,144,242,437,77
445,415,473,20,174,132,434,219,104,399,44,134,369,337
258,17,268,452,102,333,148,23,403,476,380,419,13,316,134,250,260,126,427,79,177,257,103,119,251,94,416,82,185,433,223,351
51,443,42,81,77
278,224,431,378,181,230,85,128,483,229,160,54,428,355,447,381,457,282,275,51,180,462,270,277,97,398,491,344,13,452,90,243,10,159,1,133,107,70,493,200,315
