340,202,208,412,58,150,465,417,482,230,320,448,321,435,345,102,149,460,136,494,451,388,323,311,73,385,391,183,299,148,287,26,41,61
394,381,170,408,271,174,239,351,335,320,444,105,311,70,370,490,223,310,493,486,494,95
439,440,136,337,216,487,43,67,331,25,163,152,205,75,44,500,330,70,64,364,92,441,82,28,139,130,312,343,69,354,56,481
292,224,289,414,244,3,61,22,375,51,211,44,97,358,11,429,497,336,396,374,145,250,323,301,125,448,231,8,23,124,54,164,203,421,300,24,485,166,94,112,320
174,165,466,145,208,228,498
251,412
286,391,154,208,157,202,52
248,382,340,107,266,67,165,57,310,315,36,33,369,159,444,211,344,257,21,128,186,314,37,449,317,305,62,40,467,265,471,11,19
299,270,165,228,105,229,148,337,95,108,152,423,315,293,413,458,39,465,375,188,432,304,481,231,72,262,284,50,222,492
191,480,62,51,274,91,409,78,360,36,229,247,161,265,45
355,257,399,293,120,273,363,482,175,161,354,389,183,279,311,310,468,335,158,53,205,365,13,436,186,432,187,396,329,115,140,217,493,491,24,433,291
30,256,155,18,270,495,488,384,167
467,168,300,85,404,40,443,444,372,186,342,120,327,223,242,489,442,463,321,135,267,413,232,118,284,420,368,141,285,165,20,192,217,38,391,166,319,25,312,204,347,440
356,232,495,398,300,270,446,55,212,265,373,245,436,151,275,396,487,217,103,52,119,406,417,93,3,500,427,457,341,372,249,445,91,99,281,480,244,234,307
340,462,93,137,278,491,45,163,52,262,476,389,174,304,44,405,232,384,98,90,144,134,397,396,332,335,406,125,22,73,480,86,112,311,3,482,393,24,111,32,36,208,80,256,109
372,197,56,401,426,151,187,69,262,233,335,183,185,44,368,460,420,389,402,166,482,186,350,367,178,346,293,95,123,399,184,173,329,66,344,341,467,376,437,221,237,150,138,453,485,30
218,130,139,308,56,168,151,3
103,30,383,476,212,52,439,79,185,305,106,440,419,37,219,328,73,397,2,417,488,47,377,423,263,56,200,139,43,437,288,80,290,432
10,269,212,234,447
357,443,456,216,57,307
266,445,58,485,490,256,1,215,37,342,138,162,115,385,32,451,326,70,425,399,262,244,84,401,28,325,8,103,397,450,308,264,433,239,158,332,67,443
279,135,491,486
376,95,201,447,495,481,497,133,362,277,105,175,77,476,289,445,29,213,22,279,9,163,493,91,232,275
317,434,159,465,328,283
159,425,349,242
67,149
199,79,424,194,309,239,420,479,430,283,180,223,292,86,295,488,102,18,57,495,133,402,97,82,60,48,285,276,124,137,314,170,249,382,121,47,105
484,328,21,391,37,55,273,98,407,240,117,260,301,116,412,141,13,298,191,288,310,379,114,320,224,340,192,196,318,97
411,123,228,42,357,95,81,183,229,110,230,141,420,139,352,304,342,399,204,21,368,73,473,7,154,68,450,63,433,140,109,1,327,118,299,320
345,259,8,169,256,113,187,389,476
22,494,328,30,393,52,179,190,162,358,295,353,24,299,445,67,229,15,80,318,414,307,222,176,423,128,380,47,451,163,363,381,292,355
412,380,308,5,4,39,405,162,338,205,64,372
19,422,208,481,81,35,196,419,466,95,203,8
246,265,164,252,290,41,11,28,372,187,293,395,315,250,203,130,7,426,274,376,35,256,331,262,428
283,97,15,194,235,331,487,425,403,201,379,156,459,378,208,104,212,349,20,269,393,479,33,267,300,22,154,339,168,310,95,436,240,1,103,493,488,409,444,160,233
306,220,235,373,243,195,419,413,3,246,312,240,290,346,161,149,440,383,170,446,369,492,420,421
362,139,175,169,165,74,150,375,409,306,500,214,277,6,408,122,403
321,198,192,338,218,115,212,211,425,201,97,357,385,77,96,444,29,394,94
238,109,83,348,36,130,389,367
138,296,316,384,132,159,464,99,396,371,380,151,364,173,317,487,166,363,499,175,257,500,77,53,60,133,302,395,402,96,153,285,483,236,294,76,48,284,425,157,346,325,320,344,49,253,311,215,164
95,283,186,472,215,35,33,183,405,68,22,23,52,462,60,152,294,275,491,321,210,340,421,292,124,358,315,332,362,88,467,308,255
463,46,133,276,315,225,174,155,416,264,131,170,217,297,150,37,250,303,408,140,340,495,253,241,429,42,226,9,68,235,75,277,71,159,425,452,106,383,255,464
379,59,361,392,274,102,499,121,346
163,42,258,76,356,10,278,311
146,220,2,353,49,210,213,37,415,166,222,417,486,483,115,67,178,185,274,129,288,7,395,200,484,113,414,402,341,173,398,323,47,100
197,389,146,180,338,428,334,188,301,114,67,407,279,204
449,225,13,245,326,260,355,451,311,455,494,372,487,168,165,156,339,220,16,235,259,252,324,395,238,345,352,41,109,291,500,80,251,163,418,223,224,46,420,51,24,315
336,426,427,490,333,177,425,11,203,222,213,409,383,30,7,281
302,366,68,69,316,431,247,467,173,498,326,192,424,4,208,3,280,340,77,478,330,383,211,333,179,488,79,408,225,49,169,18,123,489,165,312,395,147,349,304,260,257,353,87,262,200
151,163,119,418,68,118,110,84,481,376,83,358,293,397,500,416,374,364,459,260,17,99,360,309,82,233,456,2,429,330,221,146,262
309,325,213,437,22,113,40,280,122,135,458,58,389,253
293,84,284,170,73,208,291,9,184,480,446,195,444,131,363,407,220
6,138,1,217,198,378,282,119,421,367,202,250,45,22,185,418,137,498,161,266,141,186,68,134,389,264,255,92,172,262,272,124,419,390,205,458,495,270,107,485
225,317,236,138,368,500,311,267,68,269,474,238,2,438,213,113,228,316,478,256,218,385,479,30,305,208,439,380,95,455,458,301,97,326,44,242,43,413,160,67,76,143,219,217,52,145,429,17
246,314,20,235,164,60,72,149,461,132,49,364,458,394,388,238,208,53,116,75,363,433,467,133,389,182,269,95,165,319,469,190,442,381,229,21,47,91,19,209,273,226,451,168,101
359,152,407,479,90,292,32,238,442,125,172
474,135,133,73,8,165,458,125,311,94,104
154,171,226,195,270,190,259,161,165,13,391,279,203,312,403,87,363,175
133,479,207,440,485,474,66,136,39,192,203,83,102
380,190,406,407,397,356,197,314,258,187,368,462,481,203,414,220,357,395,115,448,239,290,181,322,157,254,311,328,415,5,353,288,45,27,158,143,116,286,349,417
108,367,127,118,415,293,26,135,480,86,421,450,126,79,488,68,233,376,24,220,378,69,112,352,458,188,478,310,272
243,210,32,321,17,25,132,21,169,116,107,188,44,213,212,76,330,312,410,424,287,496,447,491
319,107,198
382,85,235,76,9,498,318,308,286,412,45,105,347,437,195,234,88,292,482,20,488,139,25,351,263,275,339,453,372,371,438,342,102,430,145,296,391,379,421,461,34,465,251,457,317,101,320
323,357,292,187,47,111,171,422,177,215,64,122,246,284,270,37,365,253,290,349
71,362,302,108,330,487,387,84,303,340,21,214,3,245,55,301,131,137,343,276,195,255,37,337,415,386,324,300
369,125,396,443,372,259,68,406,73,253,480,141,174,326,43,268,196,82,478,421,319,108,272,400,356,149,432,493,217,69,284,366,415,18,97,471,434
201,75,136,115,148,131,57,336,358,68,107,79,477,137,66,325,343,485,25,310,213,80,316,398,377,283,330,78,15,192,196,390,459,26,103,46,33,308,72,471
313,26,100,214,281,260,125,179,315,43,94,483,425,219,354,18,174,277,108,31,360,155,310,346,271,387,342,397,185,353,268,176,484,83,485,67
272,82,217,312,148,3,38,7,13,37,54
87,213,34,21,341,117,29,391,241,227,42,323,107,477,385
449,319,384,269,226,301,157,438,497,84,93,333,231,354,50,365,10,141,244,307,123,82,22,126,185,316,329,289,236,179,394,65,299,76,55,334,245,313,79,168,129,323,475,13,233,426
305,408,145,193,474,342,218,316,433,401,182,108,447,80,436,329
105,187,412,275,237,210,198
69,485,319,27,447,390,463,387,12,407,221,111,374,81,51,367,364,350,30,144,412,137,143,139,298,228,21,25,311
289,98,127,76,212,482,425,93,404,461,31,416,302,493,487,454,83,43,165,284,278,351,240
166,470,19,260,441,401,247,151,146,432,1,61,296,132,42,194,497,23,85,210,484,213,138,416,9,466,190
119,251,153,391,130,347
308,302,351,166,207,129,483,101,479,286,439,60,21,263,311,250,246,487,169,373,465,292
391,497,179,197,429,395,160,415,479,47,230,428,325,353,18,163,295,485,4,414,434,249,62,3,403,331,405,456,164,486,376,21,281,64,181,302,433,322,484,226,490,162,383,232,40,472,432,166
