488,417,286,270,474,187,337,430,299,374,136,174,73,465,452,52,319,499,190,393,78,438,69
299,264,345,260,480,205,14,385,371
379,88,140,435,361,385,31,356,357,38,267,465,360,414,199,227,218,235,150,54,467,333,158,450,354,76,64,107,63,253,44,374,230,438,145,180,500,401,299
320,313,173,423,382,429,230,405,263,220,432,203,486,459,235
106,67,311,204,213,89,179,21,167,163,260,39,14,41,53,303,343,399,374,283,6,339,461,268,13,90,499,452,44,397,93,419
464,445,136,99,419,266,116,355,492,200,326,368,400,462,66,84,184,428,285,425,461,300,133,313,430,268,399,489,123,61,156,422
10,280,466,344,141,346,470,399,316,286,277,198,85,265,338,28,491,131,177,342,271,105,473,224,204,88,33,270,497,240,58,482,340,492,176,71,325,39,379,101,496
317,225,120,73,383,25
38,10,402,98,176,139,421,28,370,194,242,398,413,268,335,427,459,277,292,327,379,46,94,404,168,484,196,339,496,224,297,308,433,436,228,382,460,336,62,234,333
78,361,392,195,393,234,108,489,343,482,188,214,296,66,470,363,59,131,169,105,160,462,172,280,37,209,238,314,30,345,398,500,425,171,410,166,419,334,133,48,251,323,457,186,24,475,377,197
370,455,409,35,427,416,3,132,485,117,58,130,226,90,413,397,375,42,433,308,255,129
413,171,146,389,403,289,438,177,137,213,37,101,299,285,201,253,270,259,194,455,370,435,1,489,206,239,390,295,374,329,376,498,406,407,73,429,179,411,14,216
208,253,415,299,148,131,182,210,107,323,166,215,146,306,367,2,37
350,61,400,314,300,474,236,336,92,256,496,278,57,121,217,218
183,278,313,160,264,201,31,310,216,10,413,249,370,34,53,25,375,148,152,245,66,195,3
471,264,218,279,439,408,34,207,114,152,320,64,2,141,404,69,461,231,426,441,78,372,348,184,273,36,446,80
154,45,392,202
2,468,485,262,462,492,314,401,178,360,402
227,492,355,30,168,56,297,53,460,256,229,139,321,441,340,374,351,246,3,200,345,404,189,116,458,382,273,358,158,20,356,342,467,383,217,112,373,209,247,199,391,169,40,28,252,90,473,488
114,469,15,126,360,388,90,464,95,357,496,79
356,387,411,264,345,52,317,263,69,292,12,431,386,498,465
258,322,338,294,22,267,361,340,51,469,257,48,153,243,198,295,466,367,337,98,233,382,424,388,122,419,193,131,486,302,199,436
406,346,87,157,240,230,209,392,257,33,275,90,324,255,454,495,479,170,385,303,490,109,383,402,478,145
341,103,240,171,144,8,129,344,483,261,223,472,231,9,413,59,329,230,82,98
115,63,262,78,403,128
365,427
464,178,37,142,492,146,196,121,228,91,274,120,204,421,325,195,486,476,392,243,152,498,482,105,98,318
491,297,271,328,124,469,375,80,159,222,424,430,99,148,259,122,158,140,199,361,307,83,179,127,272,318,13,274,232,95,322,141,254,131,391,102
36,443,267,453,400
139,179,93,117
348,193,42,482,94,277,327,68
489,103,274,356,77,326,244,468,176,120,43,7,368,262,483,264,269,114,131,399,398,469,42,305,336,73,183,135,41,477,80,263,285,123,430,410,296
152,208,149,140,447,53,142,211,275,205
479,364,66,463,98,464,441,202,336,337
70,376,214,12,476,346,91,374,457,83,143
321,375,308
355,345,366,253,77,161,146,420,198,42,111,344,38,269,212,454,194,14,390,213,237,45,357,286,382,92,417,124,467,24,255,232,284
291,119,55
67,198,409,304,364,38
383,349,443,109,112,450,41,463,159,398
289,11,203,125,499,214,256,121,205,500,118,489,414,294,262,58,311,150,90,72,404,464,405,227,429,44,459,117,136,128,295,4,85,387,346,106,3,71,207,144,292
273,370,412,146,286,11,16,128,94,394,290,78,497,395,50,363,198,271,391
493,328,183,176,421,299,404,372,365,55,435,458,323,359,265,89,263,254,18,234,253,212,486,456,197,393,246,67,257,356,366,326,381,30,35
335,230,203,166,296,467,42,180,53,241,409,212,454,490,144,100,468,435,120,235,129,151,309,360,371,334,255,181,249,262,263,248,448,45,398,238,156,225,405,274,438,322,178,359,208,97
181,212,64,270,119,144,5,160,86,340,348,31,334,207,57,43,249,187,485,102,211,386,294,223,426,155,429,281,329,303,34,32,277,29,109,92
318,170,47,226,454,195,239,85,450,12,98,458,116,401,274,273,272,285,260,364,94,493,359
75,193,319,410,181,323,314,13,371,74,55,54,122,71,252,355,91,286,340,238,158,38,123,331,394,421,150,418,203,398,328,387,170,188,114,10,269,274,409
245,398,300,161,358,179
411,306,237,282,14,406,220,332,394,115,114,310,426,112,444,383,100,438,388,455,79,473,409,368,311,22,309,461,77,268,49,376,286,1,241
428,420,322,272,498,401,194,87,300,185,448,384,24,151,363,259,423,313,216,470,284,221,493,196,247,13,295,26,341,350,286,102,235,460,437,61,108,127,230,260,274,82,370,239,310,433
398,231,79,263,426,196,112,209,405,270,39,10,180,463,226,192,408,35,90,300,248,380,107,213,436,466,469,252,179,302,336,260,133,335,490,298,225,279,101,475,332,471,8,472,331
101,357,75,59,370,244,359,199,467,316,107,36,270,208,478,77,391,105,5,328,188,164,37,289,344,331,173,472,406,301,456,334,40,361,403,424,458,152,163,440,3
315,31,2,388,86,350,213,187,258,41,17,293,199,193,44,383,418,377,130,304,416,376,431,450,367,449,241,129,21,236,484,106,35,271,7,458,196,163,256
215,229
310,472,432,99,16
34,1,227,427,118,363,266,490,336,148,455,151,194,347,7,30,217,440,68,21
403,492,87,474,319,293
64,26,458,347,439,170,146,152,202,168,365,240,30
448,20,341,319,236,267,55,493,11,84,495,347,262,148,488,351,367,219,76,266,439,161,307,378,110,415,100,494,395,491,198,255,17,244,342,486,403
318,462,361,90,1,120
123,373,53,459,474,246,340,392,445,376,140,23,435,447,475,225,82,262,311,394,93,466,230,377,236,136,224,76,110,458,391,275,318,25,91,79,36
230,243,238,154,351,302
330,24,419,97,340,4,14,356,385,469,343,381,497,112,1,298,83,422,319,146,139,402,215,60,159,437,363,207,157,313,238,94,152
406,344,41,173,75,54,17,316,233,365
410,11,39,441,21,487,83,114,416,453,335,73,305,316,314,299,165,468,89,187,328,274,113,192
150,3,485,202,181,364,9,283,153,453,336,31,55,263,290,340,456,192,495,309,69,265,97,492,240,291,146,28,193,363,32,109,92,53,472,242,98,385,428,85
186,248,218,18,414,305,56,481,381,285,321,141,184,229,443,483,36,117,230,26,236,245
143,6,245,238,490,33,355,442,479,485,144,429,177,2,418,50,234,291,126,225
26,319,474,394,142,92,103,413,38,464,316,496,185,281,402,252,82,259,74,461,141,118,17,458,309,348,155,425,467,23,403,53,449,241,41,152,267,123,384,1,167
131,349,375,66,458,168,295,308,221,366,171,383,48,5,336,431,491,243,299,258,352,399,380,395,27,208,330,275,211,139
81,210,117,7,265,442,370,412,345,50,67,240,322,237,405,33,397,400,4,20,431,160,417,289,185,156,209,126,440,175,186,326,296,473,328,379,411,77,142,325
315,472,406,21,359,322,251,104,407,423,478,454,33
110,462,354,72,323
117,6,190,5,349,45,473,327,67,41
250,156,357,483,389,13,491,383,55,190,310,405,366,290,400,44,422,403,390,459,433,369,35,69,263,397,214,283,76,266,135,399,184,74,81,71,270,145,22,16,394,239,142,267
87,402,306,161,55,70,47,241,479,415,213,2,11,391,464,459,73,176
345,266,422,62,247,70,17,214,27,484,205,386
96,40,95,319,18,291,436,56,388,25,331,193,199,53,110,104,462,181,390,431,24,499,362,473,114,324,26,446,44,356,149,46,433,195,358,298,141
440,327,6,244,19
465,409
480,414,173,493,443,99,211,365,482,398,410,462,327,442,472,107,4,170,198,35,235,180,399,52,79,138,309,300,12,436,155,45,206,440,359,447,137,450,207,387,439,212,291,324,355,28,408,201,181
260,472,23,45,157,235,315,2,61,18
94,443,419,142,481
121,72,354,232,228,411,197,84,180,364,445,292,99,150,66,375,186,493,362,268,395,291,446,458,223,410,173,187,52,128,248,229
15,96,137,263,476,191,487,288,20,79,249,495,125,37,292,17,109,217,248,84,317,413,265,474,390,8,464,250,398,91,441,233,306,403,11,277,185,73,156,36,85,52,102,320,66,440,174,231,443,370
489,397,423,345,98,199,78,35,225,11,415,294,18,477,481,93,301,47
251,200,263,408,497,26,452,272,44,202,480,266,430,19,357,16,434,100,355,365,439,240,47
13,405,121,179,500,195,247,104,173,348,491,64,25,6,404,377,144,477,487,74,481,419,155,253,327,265,262,65,408,115,204,4,89,219,211,229,412,102,270,435,132,154,379,188,77,471,486,176,221
352,326,411,459,313,234,130,271,192,320,173,379,349,50,263,487
12,238,484,132,157,96,9,478,295,458,82,499,241,338,171,231,24,263,461,314,131,160,254,362,230,321,486,1,475,18,293
